intercept	e1
1	0.006
1	0.0105
1	-0.0016
1	0.0078
1	0.0012
1	-0.0067
1	0.0029
1	0.0056
1	0.0041
1	-0.0052
1	-0.0164
1	0.0071
1	-0.0034
1	0.0092
1	0.0061
1	-0.0009
1	0.0007
1	0.0048
1	0.0056
1	0.0102
1	0.0107
1	-0.0024
1	0.0062
1	0.0018
1	0.0004
1	-0.0027
1	-0.0135
1	0.0042
1	-0.0038
1	0.003
1	0.0006
1	0.0037
1	0.0107
1	0.0074
1	0.0072
1	0.011
1	-0.0003
1	0.0133
1	-0.0124
1	0.0021
1	-0.0081
1	0.0021
1	0.0097
1	0.0078
1	0.0123
1	0.008
1	0.0031
1	-0.01
1	-0.01
1	0.0018
1	0.0039
1	0.0022
1	0.0061
1	-0.0053
1	0.0053
1	0.0029
1	-0.0015
1	0.0059
1	-0.002
1	0.0054
1	0.0033
1	0.0022
1	-0.0057
1	0.0015
1	0.0083
1	0.0057
1	0.002
1	0.0098
1	0.0038
1	0.0062
1	0.0117
1	-0.012
1	-0.0012
1	0.0055
1	0.0083
1	0.0071
1	0.0093
1	0.0022
1	-0.0037
1	0.0007
1	-0.008
1	-0.0046
1	0.0064
1	0.0041
1	0.0121
1	0.0047
1	0.0059
1	-0.0122
1	-0.001
1	0.0017
1	-0.0082
1	0.0056
1	0.0093
1	-0.0086
1	0.0115
1	0.0075
1	0.0057
1	-0.0071
1	0.0025
1	0.0053
1	-0.0091
1	-0.0139
1	0.0012
1	-0.0016
1	0.0047
1	-0.0185
1	0.0103
1	0.0059
1	0.0065
1	0.0029
1	-0.0049
1	-0.0058
1	0.0051
1	-0.0132
1	-0.0033
1	0.0051
1	0.0028
1	-0.0103
1	0.0024
1	0.0034
1	0.009
1	0.0037
1	0.0015
1	-0.005
1	0.0115
1	0.0098
1	0.008
1	0.0044
1	0.0007
1	0.0009
1	0.0002
1	0.0026
1	-0.0022
1	0.004
1	0.0079
1	-0.024
1	-0.0063
1	0.0079
1	0.0075
1	0.0066
1	-0.0014
1	-0.006
1	0.0011
1	0.0007
1	0.0121
1	0.006
1	0.0054
1	0.002
1	0.0091
1	0.0072
1	0.0036
1	0.0039
1	0.0091
1	0.0019
1	0.0103
1	-0.0172
1	0.0034
1	0.0029
1	0.0068
1	-0.0269
1	-0
1	-0.0027
1	-0.0127
1	0.0104
1	0.0085
1	0.002
1	0.0077
1	-0.0016
1	-0.0032
1	0.0079
1	-0.0017
1	-0.0124
1	0.0027
1	0.0062
1	0.0106
1	-0.0112
1	-0.0288
1	0.0072
1	0.0031
1	0.0049
1	0.0079
1	0.0042
1	0.0057
1	0.0066
1	0.0024
1	0.0034
1	-0.0008
1	-0.0289
1	0.0058
1	-0.0003
1	-0.0194
1	-0.0094
1	-0.004
1	-0.0041
1	-0.0084
1	-0.0036
1	-0.0041
1	0.0017
1	0.0083
1	-0.0035
1	-0.0104
1	0.0034
1	0.0014
1	0.0057
1	0.0071
1	-0.0141
1	0.0049
1	-0.0036
1	0.0079
1	-0.011
1	0.0071
1	0.0058
1	-0.0024
1	-0.0035
1	0.0058
1	-0.0009
1	0.0091
1	0.0001
1	-0.0035
1	-0.003
1	0.0113
1	-0.0078
1	0.002
1	-0.0177
1	0.0053
1	0.0105
1	-0.0118
1	0.007
1	-0.0011
1	-0.0021
1	-0.0022
1	-0.0143
1	0.0072
1	-0.0039
1	0.005
1	0.0043
1	-0.0129
1	0.0086
1	-0.0003
1	0.009
1	0.003
1	0.0076
1	0.0099
1	-0.0057
1	0.0104
1	-0.0041
1	0.0037
1	0.0053
1	0.0002
1	-0.0052
1	0.0065
1	0.0016
1	-0.0041
1	0.0021
1	0.0042
1	-0.003
1	-0.0027
1	-0.0002
1	-0.0143
1	-0.0052
1	-0.0033
1	-0.0039
1	-0.007
1	-0.0016
1	0.0114
1	0.0096
1	0.0068
1	-0.0075
1	0.0062
1	-0.0079
1	-0.002
1	-0.0177
1	0.0065
1	0.0065
1	-0.0086
1	0.006
1	-0.0042
1	0.0033
1	0.008
1	0.0087
1	0.0003
1	0.01
1	0.0041
1	0.0073
1	0.004
1	0.0071
1	0.0018
1	-0.0103
1	0.0078
1	-0.0035
1	0.0087
1	0.004
1	-0.0056
1	0.0061
1	0.0073
1	-0.0138
1	0.0099
1	0.0037
1	0.0099
1	0.0066
1	0.0078
1	0.0127
1	0.0001
1	-0.0155
1	0.0113
1	-0.0062
1	0.0066
1	0.0074
1	0.0017
1	0.0005
1	-0.0037
1	0.0074
1	0.0053
1	0.0085
1	-0.001
1	0.0097
1	0.003
1	-0.009
1	0.0055
1	0.0095
1	0.0085
1	0.007
1	0.0011
1	0.0074
1	-0
1	0.0132
1	-0.0042
1	0.0045
1	-0.0037
1	-0.0047
1	0.0004
1	-0.0194
1	0.0038
1	0.0059
1	0.0047
1	0.0099
1	0.0061
1	0.0037
1	0.0099
1	-0
1	-0.0045
1	0.0116
1	0.0107
1	0.0093
1	0.001
1	0.0015
1	0.0089
1	-0.0144
1	0.003
1	0.0025
1	-0.0021
1	0.0074
1	0.011
1	0.0004
1	0.0056
1	0.0026
1	0.0099
1	0.0097
1	0.009
1	0.0046
1	-0.0029
1	0.0065
1	-0.0149
1	0.005
1	0.0062
1	-0.0011
1	0.0063
1	0.0048
1	0.0089
1	-0.0047
1	0.0074
1	0.0097
1	-0.0111
1	-0.0064
1	0.0101
1	0.0094
1	-0.0049
1	0.0076
1	0.0074
1	0.0061
1	0.0058
1	0.0076
1	-0.0041
1	-0.0076
1	-0.0061
1	0.0046
1	0.0103
1	0.0096
1	0.006
1	0.0023
1	0.011
1	-0.0009
1	0.0076
1	-0.0064
1	0.0074
1	0.0106
1	0.0011
1	0.0079
1	0.0038
1	0.0076
1	-0.0024
1	-0.003
1	0.0135
1	0.0085
1	-0.017
1	0.0083
1	0.0068
1	0.0097
1	0.0026
1	0.0012
1	0.0006
1	-0.0126
1	0.008
1	0.003
1	-0.0031
1	-0.0015
1	0.0079
1	0.0071
1	0.0072
1	0.0043
1	-0.0095
1	-0.0095
1	0.0057
1	0.0022
1	0.0082
1	0.0086
1	0.0078
1	0.0061
1	-0.0056
1	0.0073
1	0.0018
1	-0.0003
1	0.0068
1	0.01
1	0.0051
1	0.0092
1	-0.0081
1	0.0013
1	0.0112
1	0.0065
1	0.006
1	-0.0089
1	0.0077
1	0.0027
1	0.01
1	-0
1	0.0048
1	0.0084
1	0.0045
1	0.0053
1	0.0013
1	0.0056
1	0.0003
1	-0.0159
1	-0.004
1	-0.0041
1	-0.0014
1	-0.0012
1	-0.0117
1	-0.0004
1	0.0091
1	0.0052
1	0.0032
1	0.0065
1	0.004
1	-0.0017
1	0.0009
1	0.0095
1	0.0073
1	0.0037
1	-0.0042
1	-0.0021
1	-0.014
1	0.013
1	0.0099
1	-0.0067
1	0.0055
1	0.011
1	0.0003
1	0.0082
1	0.0052
1	-0.0024
1	0.0085
1	0.0016
1	0.0044
1	-0.0236
1	0.0061
1	0.0062
1	0.0091
1	0.0062
1	0.0093
1	0.0036
1	0.0058
1	-0.003
1	0.0072
1	0.0014
1	0.0078
1	0.0086
1	0.0063
1	0.0016
1	0.0035
1	0.0073
1	0.0079
1	0.0001
1	0.011
1	0.0048
1	0.007
1	0.0075
1	0.0077
1	0.0097
1	0.0018
1	-0.0038
1	0.0086
1	0.0038
1	-0.0025
1	0.0078
1	-0.0085
1	0.0062
1	0.0001
1	0.0119
1	-0.0103
1	0.0073
1	0.0009
1	-0.01
1	0.007
1	0.004
1	0.0025
1	0.011
1	0.0035
1	0.0024
1	0.0019
1	0.0094
1	0.0004
1	-0.0025
1	0.0058
1	0.0014
1	0.0023
1	0.0057
1	0.0019
1	-0.0188
1	0.008
1	0.003
1	0.0043
1	-0.0055
1	0.0067
1	0.0041
1	0.0074
1	0.0057
1	0.0009
1	-0.0094
1	-0.0035
1	-0.0187
1	-0.0062
1	0.001
1	-0.0001
1	-0.0019
1	0.0061
1	0.0012
1	0.004
1	0.0116
1	0.0056
1	0.0058
1	0.0084
1	-0.0029
1	0.0083
1	0.0031
1	0.0046
1	-0.0128
1	0.0049
1	0.008
1	-0.0001
1	0.003
1	-0.002
1	-0.0036
1	0.0128
1	0.002
1	-0.0029
1	0.0064
1	0.0072
1	0.0035
1	0.0101
1	0.0064
1	0.0048
1	0.0112
1	0.0023
1	0.0136
1	0.0059
1	0.0072
1	-0.0156
1	0.0066
1	0.0072
1	0.0081
1	-0.0048
1	0.0036
1	0.0035
1	0.0015
1	0.0059
1	0.0098
1	-0.0011
1	0.0053
1	0.0088
1	0.0028
1	-0.0004
1	0.0046
1	-0.0137
1	0.0047
1	0.009
1	-0.0048
1	0.0006
1	0.0071
1	0.0038
1	0.0081
1	0.0076
1	0.0044
1	-0.0011
1	-0.0052
1	-0.0166
1	0.0056
1	-0.0006
1	0.006
1	0.008
1	-0.0034
1	0.0088
1	-0.0001
1	-0.0111
1	0.0109
1	-0.0058
1	0.0061
1	-0.0021
1	-0.006
1	-0.0075
1	0.0074
1	0.0089
1	0.0071
1	0.004
1	0.0006
1	-0.0024
1	-0.0009
1	0.0018
1	-0.013
1	-0.0057
1	-0.0104
1	0.0023
1	0.0017
1	-0.0029
1	-0.0208
1	0.0044
1	0.0078
1	-0.0013
1	0.0009
1	0.008
1	0.0059
1	0.0096
1	-0.0054
1	0.0059
1	0.0064
1	0.0084
1	-0.01
1	0.0022
1	0.0103
1	0.0024
1	0.0032
1	-0.0193
1	-0.0054
1	0.0025
1	0.0049
1	0.0105
1	0.0079
1	0.0051
1	-0.0098
1	-0.0035
1	0.0021
1	0.0094
1	0.0089
1	-0.0009
1	0.0083
1	0.0036
1	0.008
1	-0.0073
1	0.0088
1	0.0078
1	0.0027
1	0.005
1	-0.0004
1	-0.0042
1	0.0008
1	0.0104
1	0.0057
1	0.0021
1	0.0006
1	0.0082
1	-0.0015
1	0.0108
1	0.0001
1	0.006
1	0.0054
1	0.0083
1	-0.0038
1	-0.0245
1	0.0066
1	0.0068
1	0.0124
1	0.0068
1	0.0029
1	0.0011
1	-0.0044
1	0.0107
1	0.0028
1	0.0048
1	-0.02
1	-0.0068
1	0.005
1	-0.0104
1	0.0069
1	-0.0026
1	0.0086
1	0.0076
1	0.0098
1	0.0093
1	0.0054
1	-0.003
1	-0.006
1	-0.0051
1	-0.003
1	0.0057
1	0.006
1	0.0035
1	0.0077
1	-0.0024
1	0.0065
1	-0.0039
1	-0.0171
1	-0.0027
1	0.0048
1	0.0036
1	0.0083
1	0.0083
1	-0.009
1	0.0096
1	-0.0006
1	-0.004
1	0.0067
1	0.0071
1	0.0106
1	-0.0045
1	0.0058
1	-0.0028
1	0.0081
1	-0.0081
1	0.0071
1	-0.0086
1	0.0029
1	0.0048
1	0.0063
1	0.0088
1	0.0057
1	0.0085
1	-0.0006
1	-0.0005
1	-0.003
1	0.0087
1	0.0035
1	0.0071
1	0.0072
1	0.0118
1	0.006
1	0.0058
1	-0.0053
1	0.0076
1	0.0069
1	0.0048
1	0.0062
1	0.0134
1	0.0028
1	0.0037
1	0.0061
1	0.0003
1	0.006
1	0.0052
1	0.0097
1	0.0019
1	-0.0004
1	0.0007
1	0.0079
1	0.0038
1	-0.0069
1	0.0014
1	0.0064
1	0.0087
1	0.0009
1	-0.0034
1	-0.0016
1	0.0056
1	0.0056
1	0.0056
1	0.0062
1	0.0043
1	0.0069
1	0.0005
1	0.0041
1	-0.0068
1	0.0051
1	0.0077
1	0.0116
1	0.0127
1	0.0081
1	0.0077
1	-0.0011
1	-0.0033
1	0.0088
1	-0.0059
1	0.0051
1	0.0036
1	-0.0138
1	0.0025
1	0.0115
1	-0.0095
1	0.0026
1	-0.0004
1	0.0041
1	-0.0128
1	-0.0023
1	0.0023
1	-0.0134
1	0.007
1	0.0113
1	0.0077
1	0.0078
1	0.0077
1	-0.008
1	-0.0075
1	0.0076
1	-0.0072
1	0.004
1	0.0014
1	0.0085
1	0.002
1	-0.0108
1	0.0042
1	0.0041
1	0.0025
1	-0.0063
1	-0.0088
1	0.0022
1	-0.0018
1	0.0052
1	-0.0132
1	-0.0017
1	0.0016
1	0.012
1	-0.0144
1	0.0029
1	-0.0046
1	-0.0039
1	-0.0063
1	-0.0033
1	0.0053
1	0.0063
1	0.0072
1	0.0084
1	0.0059
1	0.0013
1	0.0064
1	-0.0039
1	-0.0041
1	0.0008
1	-0.0019
1	0.0059
1	0.0095
1	-0.0032
1	-0.0058
1	0.0097
1	0.009
1	-0.0096
1	0.0053
1	0.0032
1	-0.0223
1	0.0082
1	0.0054
1	0.0068
1	0.001
1	0.002
1	0.0033
1	-0.0009
1	0.0094
1	-0.0079
1	-0.0164
1	-0.0029
1	-0.0023
1	0.0116
1	0.0042
1	0.0103
1	0.0067
1	0.0032
1	-0.0071
1	-0.0065
1	0.0112
1	-0.0015
1	0.0015
1	0.009
1	0.0044
1	-0.0059
1	0.0007
1	-0.0099
1	-0.0073
1	0.006
1	0.0073
1	0.0022
1	-0.0152
1	0.0091
1	0.0128
1	0.0077
1	-0.0236
1	0.0041
1	-0.0018
1	-0.007
1	0.0085
1	0.0072
1	-0.0294
1	-0.02
1	0.0064
1	-0.0029
1	0.0031
1	0.0092
1	0.0041
1	0.0003
1	0.0025
1	0.0053
1	0.0026
1	-0.0056
1	-0.0002
1	0.0083
1	-0.0096
1	0.0037
1	-0.0073
1	0.0052
1	0.0048
1	-0.0146
1	-0.0098
1	0.0087
1	-0.001
1	0.0038
1	0.0018
1	-0.0122
1	-0.0085
1	-0.0013
1	0.0032
1	-0.0117
1	-0.0072
1	-0.0047
1	0.0054
1	0.0029
1	0.0112
1	0.0075
1	-0.0058
1	0.0043
1	-0.004
1	0.0094
1	0.0041
1	0.0094
1	0.0044
1	0.0051
1	0.0027
1	0.0054
1	-0.0015
1	0.0014
1	0.0034
1	0.005
1	-0.0087
1	-0.0135
1	-0.0223
1	-0.0009
1	0.0047
1	0.0068
1	0.0093
1	0.0081
1	-0.0081
1	0.0117
1	-0.0159
1	0.004
1	0.0004
1	-0.0062
1	0.0038
1	-0.0018
1	0.0015
1	-0.0013
1	-0.0054
1	0.0047
1	0.0027
1	0.0106
1	0.0078
1	0.0087
1	0.0011
1	0.0128
1	-0.0067
1	0.0086
1	-0.0061
1	-0.0042
1	-0.0102
1	0.0055
1	0.0102
1	-0.0019
1	0.0032
1	-0.0051
1	0.0107
1	-0.0004
1	0.0083
1	-0.0054
1	0.0056
1	0.0102
1	-0.0211
1	0.0048
1	-0.006
1	0.0065
1	-0.0015
1	0.0018
1	-0.0017
1	0.003
1	0.0072
1	-0.011
1	0.0095
1	0.0073
1	-0.0122
1	0.003
1	0.0021
1	-0.0123
1	0.002
1	-0.0025
1	-0.0169
1	0.0016
1	-0.0072
1	0.0046
1	-0.0028
1	0.003
1	0.0101
1	0.0061
1	0.0106
1	0.0008
1	0.0076
1	0.009
1	-0.0137
1	0.0087
1	0.0069
1	0.0044
1	-0.0064
1	0.0046
1	0.0045
1	0.0076
1	0.0082
1	0.0085
1	-0.0084
1	-0.0087
1	0.0085
1	0.0042
1	0.0004
1	-0.0004
1	-0.0012
1	-0.0028
1	-0.0007
1	0.007
1	0.0064
1	0.0032
1	0.0117
1	0.0058
1	-0.0011
1	0.0069
1	-0.0091
1	0.0112
1	0.0095
1	-0.0087
1	0.0033
1	0.0028
1	-0.0117
1	0.0082
1	0.007
1	-0.0082
1	0.0017
1	0.0049
1	0.0094
1	-0.0005
1	0.0009
1	0.0087
1	-0.0095
1	0.0039
1	0.0034
1	-0.0156
1	-0.0116
1	0.0028
1	0.0042
1	-0.0064
1	0.0063
1	0.0015
1	0.0102
1	0.0064
1	0.0031
1	0.0057
1	0.0133
1	0.0121
1	0.0018
1	0.0037
1	0.0035
1	-0.004
1	0.0008
1	-0.0004
1	-0.0147
1	0.0092
1	0.007
1	0.0095
1	-0.0029
1	-0.0035
1	0.0017
1	-0.0056
1	0.0031
1	0.0073
1	-0.0153
1	0.0101
1	0.0024
1	0.008
1	0.004
1	0.0105
1	-0.014
1	-0.0035
1	0.0036
1	0.002
1	0.007
1	0.0075
1	0.0044
1	0.0073
1	-0.0001
1	0.0085
1	-0.009
1	-0.0001
1	0.0077
1	0.0088
1	0.0076
1	-0.0031
1	-0.004
1	0.003
1	-0.0024
1	-0.0137
1	-0.0095
1	-0.0007
1	0.0069
1	-0.0257
1	0.001
1	-0.0022
1	-0.007
1	0.0012
1	-0.0082
1	0.0007
1	0.0045
1	0.0091
1	0.0108
1	0.0081
1	0.0111
1	-0.0071
1	0.0017
1	0.0082
1	-0.007
1	0.0073
1	-0.0004
1	0.009
1	0.004
1	0.0081
1	0.0029
1	-0.0084
1	0.0061
1	0.01
1	0.0074
1	-0.0151
1	0.0038
1	0.0067
1	0.0088
1	0.0096
1	0.01
1	0.0084
1	0.0013
1	0.0092
1	0.0078
1	0.0005
1	0.0083
1	0.0005
1	-0.0024
1	0.0059
1	0.0119
1	-0.0081
1	0.0029
1	0.0056
1	0.0088
1	0.0033
1	0.0059
1	0.0075
1	0.0033
1	-0.0021
1	-0.0163
1	-0.0037
1	0.0018
1	0.0027
1	-0.0074
1	-0.0065
1	0.0062
1	-0.0143
1	0.0016
1	0.009
1	0.0056
1	-0.0072
1	0.0021
1	0.0082
1	0.0032
1	0.005
1	0.0076
1	0.0015
1	0.0055
1	0.0022
1	0.0098
1	0.0034
1	-0.0019
1	0.0027
1	0.0052
1	-0.0096
1	0.0033
1	-0.0195
1	0.0079
1	0.0026
1	0.0076
1	0.0068
1	0.0086
1	-0.0021
1	-0.0018
1	0.004
1	0.0064
1	0.0088
1	0.0058
1	0.006
1	-0.0006
1	0.0101
1	0.009
1	-0.0097
1	-0.0038
1	-0.0082
1	-0.0097
1	0.0048
1	-0.0082
1	0.007
1	0.0074
1	0.0073
1	0.0026
1	0.005
1	0.0088
1	0.0088
1	0.0048
1	0.0075
1	0.0057
1	0.0038
1	0.0065
1	-0.0022
1	0.0059
1	-0.0014
1	0.0065
1	0.0015
1	0.0002
1	-0.0073
1	0.0092
1	0.0088
1	0.0066
1	0.0054
1	0.0109
1	-0.0006
1	0.0032
1	0.0002
1	0.0013
1	0.0046
1	0.0086
1	0.0026
1	0.0005
1	0.0025
1	0.009
1	-0.0087
1	0.0112
1	-0.0094
1	-0.0012
1	-0.0167
1	0.0099
1	0.0037
1	-0.0134
1	-0.0134
1	0.0134
1	0.0051
1	0.0072
1	0.002
1	-0.0013
1	0.0014
1	0.0074
1	0.0046
1	0.0063
1	0.0067
1	0.0105
1	0.0031
1	0.0035
1	0.0074
1	-0.0088
1	0.0021
1	0.0091
1	0.0053
1	0.0066
1	-0.0106
1	-0.0064
1	-0.0086
1	-0.0127
1	0.0081
1	0.003
1	0.0003
1	0.0061
1	0.0041
1	0.0064
1	0.003
1	-0.0029
1	-0.0125
1	0.0063
1	-0.0006
1	0.0054
1	0.0008
1	-0.0064
1	-0.0088
1	-0.0026
1	0.0083
1	-0.0053
1	0.0018
1	0.0038
1	0.0074
1	0.0072
1	0.0077
1	0.0024
1	0.0067
1	0.006
1	0.0094
1	0.0009
1	0.0096
1	0.0127
1	0.0015
1	0.0058
1	-0.0036
1	0.0102
1	0.0078
1	0.0048
1	-0.0022
1	0.0058
1	0.0048
1	0.0016
1	0.0088
1	-0.0032
1	0.0032
1	0.0072
1	0.004
1	-0.0068
1	0.0083
1	-0.0011
1	-0.0027
1	-0.0056
1	-0.0141
1	0.0014
1	0.005
1	0.0041
1	0.0062
1	0.0043
1	0.0054
1	0.0067
1	0.0017
1	0.0067
1	0.0016
1	0.0056
1	0.0006
1	0.0084
1	0.0044
1	0.0009
1	0.0003
1	-0.0049
1	0.0054
1	0.0082
1	0.0113
1	0.0082
1	0.0027
1	-0.0002
1	0.0028
1	0.0031
1	-0.0066
1	0.0055
1	0.0087
1	0.0069
1	-0.0179
1	0.0078
1	-0.008
1	0.0042
1	0.005
1	-0.0029
1	0.0034
1	-0
1	0.0093
1	0.0052
1	0.0134
1	0.002
1	0.0094
1	0.005
1	0.0047
1	-0.0116
1	0.0057
1	0.0062
1	0.0083
1	0.0031
1	-0.009
1	0.0107
1	0.0084
1	-0.0001
1	0.002
1	0.0082
1	0.0016
1	-0.0052
1	0.0062
1	0.0065
1	-0.0162
1	0.0059
1	-0.0029
1	0.0015
1	0.0027
1	-0.0038
1	-0.0043
1	0.0047
1	0.0101
1	0.002
1	-0.0032
1	0.0071
1	-0.0002
1	0.0062
1	0.0003
1	0.0071
1	0.0077
1	0.0066
1	0.0057
1	0.0052
1	0.0082
1	-0.0216
1	0.0035
1	-0.0026
1	-0.0053
1	0.0053
1	-0.0071
1	-0.0091
1	0.0071
1	0.0056
1	0.0037
1	0.0096
1	0.0012
1	-0.0074
1	0.0094
1	-0.0063
1	0.0067
1	-0.0032
1	0.0093
1	0.0082
1	0.0049
1	0.0015
1	0.0061
1	0.0082
1	-0.0147
1	0.0112
1	0.0081
1	-0.012
1	0.009
1	-0.0041
1	0.0082
1	0.0054
1	-0.0125
1	-0.0014
1	-0.0143
1	0.0062
1	0.0071
1	0.0095
1	0.0047
1	0.005
1	0.006
1	0.0063
1	0.0086
1	0.0101
1	0.0002
1	0.0064
1	0.001
1	0.003
1	0.0039
1	0.007
1	0.0072
1	0.0103
1	0.0065
1	-0.0012
1	0.0027
1	-0.0041
1	0.0049
1	0.0014
1	0.0073
1	0.0056
1	0.0088
1	0.0013
1	0.0001
1	0.0105
1	0.0108
1	0.0065
1	0.005
1	-0.0061
1	0.0055
1	0.008
1	-0.0016
1	-0.001
1	0.0086
1	0.001
1	0.0007
1	0.0054
1	0.0043
1	0.0067
1	-0.0022
1	0.009
1	0.0078
1	0.0001
1	0.0057
1	0.0123
1	0.0054
1	0.0114
1	0.0105
1	0.0058
1	0.0116
1	0.002
1	0.0046
1	0.0077
1	0.0086
1	0.0044
1	0.0043
1	0.0083
1	0.0074
1	-0.0055
1	-0.0038
1	0.0073
1	0.0028
1	0.0026
1	0.0078
1	-0.0168
1	-0.0015
1	-0.0055
1	-0.0013
1	0.002
1	0.0085
1	-0.0047
1	0.0038
1	0.0114
1	0.0124
1	0.0092
1	0.0055
1	0.0088
1	0.0043
1	0.0035
1	-0.0016
1	0.007
1	0.0027
1	0.0043
1	0.0058
1	0.0024
1	0.0109
1	0.0093
1	0.008
1	-0.0101
1	0.0012
1	0.0085
1	-0.0064
1	0.0012
1	0.0056
1	0.011
1	0.004
1	0.0089
1	0.0086
1	-0.0124
1	0.0091
1	0.0049
1	-0.0014
1	-0.003
1	-0.0011
1	0.0087
1	0.0065
1	0.0099
1	0.0093
1	-0.0019
1	0.001
1	0.0028
1	0.0048
1	0.009
1	0.0074
1	0.0062
1	0.0018
1	-0.0049
1	0.01
1	0.0048
1	0.0037
1	-0.0048
1	0.0017
1	0.0038
1	-0.0018
1	0.0083
1	0.0051
1	0.0059
1	-0.0061
1	0.0084
1	-0.0023
1	0.007
1	0.0094
1	0.0089
1	-0.0057
1	0.008
1	0.0078
1	0.0078
1	0.0076
1	0.0094
1	0.0045
1	0.0104
1	0.0045
1	0.0081
1	0.0039
1	0.0076
1	0.0088
1	0.0043
1	0.0034
1	-0.0006
1	0.0072
1	0.0086
1	0.0083
1	0.0029
1	0.0102
1	0.0071
1	-0.0134
1	0.0059
1	0.0079
1	0.0029
1	0.0072
1	-0.0014
1	0.0106
1	0.011
1	0.0055
1	-0.0031
1	-0.0036
1	0.0105
1	0.0111
1	-0.0018
1	0.0074
1	-0.0014
1	0.0051
1	0.0108
1	0.0094
1	0.0083
1	-0.0014
1	0.0039
1	-0.0041
1	0.0101
1	0.0112
1	0.0097
1	0.003
1	0.0054
1	0.0037
1	0.003
1	0.003
1	0.0063
1	0.0046
1	0.0106
1	0.0046
1	-0.0142
1	-0.0018
1	-0.0017
1	0.0079
1	0.0102
1	0.0055
1	0.0001
1	-0.0051
1	0.0058
1	-0.0015
1	0.0046
1	0.0058
1	0.0067
1	0.0117
1	0.0089
1	0.0058
1	-0.0003
1	0.0038
1	0.0073
1	0.0081
1	0.0007
1	0.01
1	-0.0003
1	0.0031
1	-0.0012
1	0.0047
1	0.006
1	0.0111
1	0.0091
1	0.0043
1	0.0086
1	0.0064
1	0.0075
1	0.0006
1	0.0079
1	0.003
1	0.0038
1	0.0033
1	0.0071
1	-0.0104
1	-0.0029
1	0.0049
1	0.0022
1	0.0096
1	0.003
1	0.009
1	0.0069
1	0.0076
1	0.013
1	-0.0016
1	0.0084
1	0.0081
1	0.0074
1	0.0096
1	0.0098
1	0.0013
1	0.0102
1	0.0075
1	0.0048
1	-0.0039
1	0.0085
1	0.01
1	0.0098
1	-0.0018
1	0.0051
1	0.0053
1	0.0072
1	0.0095
1	0.0074
1	0.0064
1	0.0015
1	0.0073
1	0.0034
1	0.0118
1	0.0113
1	0.0078
1	0.0046
1	0.0054
1	0.0075
1	0.0055
1	-0.0001
1	0.005
1	0.0032
1	-0.0001
1	0.0064
1	0.0061
1	0.0104
1	0.0098
1	0.0051
1	0.0039
1	-0.005
1	0.0061
1	0.008
1	0.0045
1	0.0059
1	0.002
1	0.0083
1	0.0093
1	0.0099
1	0.0053
1	0.0083
1	0.0106
1	0.0086
1	0.0032
1	-0.0025
1	0.0003
1	0.0085
1	-0.0085
1	0.0069
1	-0.0027
1	0.01
1	0.0085
1	0.0069
1	0.0105
1	0.0081
1	0
1	0.0043
1	0.0001
1	-0.0128
1	0.0047
1	0.0052
1	0.0076
1	0.0076
1	0.0083
1	0.0093
1	0.0082
1	0.0027
1	0.0078
1	0.0068
1	0.0035
1	0.001
1	0.005
1	0.0105
1	0.0058
1	0.0088
1	0.0048
1	0.0079
1	0.0008
1	0.0079
1	0.0094
1	0.0103
1	0.0096
1	-0.005
1	0.0037
1	0.0045
1	-0.0084
1	-0.0054
1	0.0077
1	-0.0058
1	0.0079
1	0.007
1	0.0075
1	-0.0018
1	0.0061
1	0.0074
1	0.0068
1	0.0064
1	0.0087
1	0.0086
1	0.0048
1	0.0072
1	0.0047
1	0.0051
1	0.0043
1	0.0088
1	0.0065
1	0.0091
1	0.0106
1	0.0031
1	0.0088
1	0.0097
1	-0.0002
1	-0.0033
1	0.0073
1	0.0069
1	0.0101
1	0.0078
1	0.0108
1	0.0069
1	0.0037
1	0.0042
1	0.0038
1	0.0077
1	0.0113
1	0.0083
1	0.0018
1	0.0056
1	0.0038
1	0.0076
1	0.0107
1	0.0116
1	0.008
1	0.0093
1	0.0068
1	0.0057
1	0.0097
1	0.0097
1	-0.0027
1	0.0059
1	0.0061
1	0.002
1	0.0014
1	0.0098
1	0.0099
1	-0.0002
1	0.0052
1	0.0062
1	-0.0028
1	0.0034
1	0.0029
1	0.0035
1	0.0043
1	0.0072
1	0.0004
1	0.0123
1	-0.0143
1	-0.0085
1	-0.0041
1	0.0025
1	0.0003
1	0.0013
1	0.0065
1	0.0099
1	0.0105
1	0.0083
1	0.0074
1	0.0115
1	0.01
1	0.007
1	0.0064
1	0.0046
1	0.0085
1	0.0119
1	0.007
1	0.0053
1	0.0049
1	0.0089
1	0.0112
1	0.011
1	0.0025
1	0.0098
1	0.0102
1	0.0103
1	0.0062
1	0.0072
1	0.0087
1	0.0032
1	0.0122
1	0.0095
1	0.0088
1	0.0081
1	0.0074
1	0.0101
1	0.0001
1	0.0052
1	0.0053
1	0.0081
1	0.0024
1	0.0083
1	0.0114
1	0.0119
1	0.0075
1	0.007
1	0.0023
1	0.0088
1	0.0054
1	0.0072
1	0.0044
1	0.0099
1	0.0012
1	0.0101
1	0.0066
1	0.0086
1	0.009
1	0.0076
1	0.0051
1	0.0094
1	0.0024
1	-0.0033
1	0.0081
1	0.0043
1	0.0002
1	0.0106
1	0.0044
1	0.0064
1	0.0084
1	0.0071
1	0.004
1	-0.0032
1	0.0038
1	0.0087
1	0.012
1	0.0076
1	0.0073
1	-0.0025
1	0.0084
1	0.0099
1	0.0066
1	0.0009
1	0.0087
1	0.0025
1	0.0084
1	-0.0017
1	0.0052
1	0.008
1	0.0121
1	0.0068
1	0.0058
1	0.0022
1	-0.0032
1	0.0092
1	0.0069
1	0.011
1	0.0087
1	0.0046
1	0.0075
1	-0.013
1	0.0108
1	0.0014
1	0.0104
1	0.0087
1	0.007
1	0.0103
1	0.0056
1	0.007
1	0.0024
1	-0.0041
1	0.0026
1	0.0056
1	0.0007
1	0.0088
1	0.0072
1	0.0004
1	0.0084
1	0.0081
1	0.0043
1	0.0096
1	-0.0045
1	0.0051
1	0.0087
1	0.0067
1	0.0044
1	0.0059
1	0.0098
1	-0.0012
1	0.0046
1	0.0052
1	0.005
1	-0.0081
1	0.0061
1	0.0085
1	0.0091
1	0.0023
1	0.0076
1	0.0031
1	0.0072
1	0.0037
1	0.0077
1	0.0094
1	0.0029
1	0.0002
1	0.0113
1	0.0088
1	0.0036
1	-0.0008
1	-0.0042
1	0.0091
1	0.0083
1	0.0069
1	0.0047
1	0.0111
1	0.0065
1	0.0041
1	0.0062
1	0.01
1	0.0017
1	0.006
1	0.0084
1	0.0096
1	0.0102
1	0.0101
1	0.0021
1	0.0079
1	0.0053
1	0.006
1	0.0066
1	0.0063
1	0.0013
1	-0.0007
1	0.0093
1	0.0074
1	0.0088
1	-0.0013
1	0.0038
1	0.0075
1	0.0071
1	0.0072
1	-0.0025
1	0.0052
1	0.0102
1	0.0077
1	0.0085
1	0.0066
1	-0.0007
1	0.0097
1	0.0018
1	0.0082
1	0.009
1	0.0073
1	0.0055
1	0.0047
1	0.0044
1	0.007
1	0.0094
1	0.0034
1	0.0101
1	0.0091
1	0.011
1	0.0084
1	0.0044
1	0.0084
1	0.0126
1	-0.0059
1	0.0023
1	0.0062
1	-0.0008
1	0.0056
1	0.0096
1	-0.0002
1	0.0054
1	0.0075
1	0.0063
1	0.0057
1	0.006
1	0.0014
1	0.0055
1	0.0083
1	0.0061
1	-0
1	0.0084
1	0.0041
1	0.0075
1	0.009
1	-0.0032
1	0.0104
1	0.0059
1	0.0095
1	0.002
1	0.0071
1	0.0058
1	0.0065
1	0.0062
1	-0.019
1	0.0075
1	-0.0061
1	0.0039
1	0.0018
1	0.0086
1	0.0055
1	-0.0056
1	0.005
1	0.0056
1	0.0087
1	0.0043
1	0.0075
1	0.0082
1	0.0037
1	0.0062
1	0.0039
1	0.0102
1	0.0023
1	0.0083
1	0.0066
1	0.0082
1	-0.0013
1	0.0083
1	0.006
1	0.0059
1	0.0012
1	0.0052
1	0.0062
1	-0.0005
1	0.0054
1	-0.0122
1	0.0057
1	0.0073
1	-0.0018
1	0.007
1	0.0073
1	0.0047
1	0.004
1	-0.005
1	0.0117
1	0.0123
1	0.0055
1	0.002
1	0.0085
1	0.0128
1	0.009
1	0.0068
1	0.007
1	0.0061
1	0.0046
1	-0.0109
1	0.0018
1	-0.0023
1	0.0122
1	0.0054
1	0.005
1	0.0021
1	0.0059
1	0.0052
1	-0.0009
1	0.0052
1	0.0039
1	-0.0075
1	0.0013
1	0.0029
1	-0.0009
1	0.0061
1	0.007
1	0.0045
1	0.0038
1	0.0016
1	0.0029
1	0.004
1	-0.0006
1	-0.0041
1	-0.0018
1	-0.0186
1	-0.0039
1	-0.0056
1	-0.0091
1	0.0083
1	0.0113
1	-0.0138
1	-0.0054
1	-0.0043
1	0.0006
1	-0.0023
1	0.0067
1	-0.0159
1	0.006
1	-0.0096
1	-0.004
1	0.0001
1	-0.0018
1	0.0061
1	0.0043
1	0.0107
1	-0.006
1	0.0077
1	-0.0045
1	0.005
1	-0.0001
1	-0.0058
1	0.0025
1	0.0046
1	0.0009
1	0.0049
1	0.0035
1	0.005
1	0.0047
1	0.0077
1	0.0033
1	0.0044
1	0.0047
1	0.008
1	0.0093
1	0.0073
1	0.0065
1	0.0072
1	0.0034
1	-0.008
1	-0.0014
1	0.0051
1	0.0018
1	-0.0018
1	-0.0014
1	0.0016
1	0.0045
1	-0.0083
1	0.0077
1	0.0107
1	0.0101
1	0.0027
1	-0.0083
1	-0.0047
1	0.0097
1	-0.0056
1	0.01
1	0.0009
1	-0.0012
1	-0.0139
1	-0.0093
1	0.0058
1	0.0032
1	-0.0004
1	0.0053
1	-0.0052
1	0.0101
1	-0.0009
1	-0.0043
1	0.001
1	0.0078
1	0.0046
1	-0.0186
1	0.0081
1	0.0046
1	0.0017
1	-0.0012
1	0.0014
1	0.0086
1	0.0087
1	0.0043
1	-0.0017
1	0.0039
1	0.0089
1	-0.0067
1	0.0048
1	-0.0039
1	0.0078
1	0.0056
1	0.0015
1	0.0046
1	-0.009
1	-0.007
1	0.0017
1	0.0108
1	0.0043
1	0.0043
1	0.0069
1	0.0085
1	0.0085
1	0.0126
1	-0.0104
1	-0.002
1	0.0017
1	0.0016
1	0.0062
1	0.0007
1	0.0016
1	0.0031
1	0.009
1	-0.0089
1	0.0042
1	-0.0051
1	-0.0292
1	0.0053
1	0.0079
1	0.0068
1	-0
1	0.0083
1	0.0048
1	0.001
1	0.0027
1	0.0083
1	0.0032
1	0.005
1	0.0068
1	-0.0021
1	0.0015
1	-0.0015
1	0.0089
1	0.0073
1	0.008
1	0.0053
1	0.0071
1	0.0001
1	0.002
1	0.0047
1	0.0081
1	0.0026
1	-0.0042
1	0.0028
1	0.0098
1	0.0044
1	-0.0006
1	0.008
1	-0.0026
1	0.0064
1	-0.008
1	0.001
1	0.0032
1	0.0054
1	0.0009
1	-0.0074
1	-0.0057
1	0.0069
1	-0.026
1	0.0111
1	-0.0074
1	0.0125
1	0.0032
1	0.0045
1	0.0021
1	0.0095
1	0.0051
1	0.001
1	0.0039
1	-0.0099
1	0.0005
1	-0.0136
1	0.0056
1	-0.0044
1	-0.0006
1	0.006
1	0.008
1	0.0035
1	0.0105
1	0.0065
1	0.0055
1	0.0111
1	0.0086
1	0.0069
1	0.0041
1	0.0062
1	-0.0215
1	-0.0135
1	-0.0041
1	0.0044
1	0.004
1	0.0003
1	0.0054
1	0.0098
1	0.0011
1	0.0033
1	-0.0016
1	-0.0068
1	0.0031
1	0.0047
1	-0.0026
1	0.0052
1	0.0086
1	0.0082
1	0.007
1	0.0087
1	-0.0019
1	-0.0028
1	0.0105
1	0.0089
1	-0.0002
1	0.0095
1	0.0016
1	0.0019
1	0.0067
1	0.003
1	0.0042
1	-0.0015
1	-0.0072
1	0.0008
1	0.0061
1	-0.0042
1	0.0079
1	-0.005
1	-0.007
1	0.0106
1	0.0036
1	0.0022
1	0.0043
1	0.0116
1	-0.0185
1	-0.005
1	-0.0068
1	0.0051
1	0.0023
1	0.0039
1	-0.0003
1	-0.0149
1	0.0073
1	0.0002
1	-0.008
1	0.0059
1	-0.0093
1	0.0044
1	0.0067
1	0.0033
1	0.0042
1	-0.012
1	-0.0014
1	0.0038
1	0.0079
1	0.0033
1	-0.0152
1	-0.0082
1	0.0043
1	0.0098
1	-0.013
1	0.0062
1	0.0006
1	0.0041
1	-0.0005
1	0.0068
1	0.0031
1	-0.0007
1	0.005
1	0.0094
1	0.005
1	-0.0006
1	-0.0026
1	0.0042
1	0.0012
1	-0.0068
1	0.0091
1	0.0002
1	0.0074
1	-0.0018
1	0.0082
1	0.0013
1	0.0026
1	0.0032
1	-0.0042
1	-0.0044
1	0.0092
1	0.0022
1	-0.014
1	0.0091
1	0.0029
1	0.0077
1	0.0059
1	0.0022
1	-0.0047
1	0.0089
1	0.0074
1	-0.0138
1	0.0023
1	0.0062
1	0.0068
1	-0.0117
1	0.0003
1	0.0072
1	-0.0022
1	0.0031
1	-0.0031
1	0.0044
1	0.0093
1	-0.0126
1	0.0097
1	0.0112
1	-0.0051
1	0.0042
1	0.0084
1	0.0052
1	0.0119
1	0.0059
1	0.005
1	0.0022
1	0.0021
1	0.0047
1	0.0011
1	0.0064
1	0.0079
1	0.0072
1	0.0051
1	0.0087
1	0.0025
1	0.0035
1	-0.0165
1	0.0076
1	0.0045
1	-0.0095
1	0.0005
1	-0.0069
1	0.0053
1	-0.0044
1	-0.0035
1	0.0087
1	0.0088
1	-0.0004
1	0.0045
1	-0.0154
1	0.0068
1	0.0064
1	0.0039
1	0.0054
1	0.0056
1	0.0015
1	-0.0097
1	0.0102
1	-0.0048
1	-0.0009
1	0.0082
1	0.0019
1	0.0023
1	0.0084
1	0.0049
1	0.0043
1	-0.0031
1	0.0006
1	-0.0094
1	0.0066
1	-0.0101
1	0.0077
1	-0.0004
1	0.0132
1	-0.0189
1	0.0003
1	0.0031
1	0.0094
1	-0.0029
1	0.0051
1	-0.0071
1	0.0043
1	0.0054
1	0.0078
1	0.0068
1	0.005
1	0.0059
1	0.0081
1	0.003
1	0.007
1	-0.0171
1	-0.0006
1	0.0055
1	0.0023
1	0.0082
1	0.0001
1	0.0124
1	0.0007
1	0.0036
1	-0.0143
1	0.0013
1	0.003
1	0.0066
1	0.0057
1	0.0037
1	0.0043
1	0.0064
1	0.0084
1	-0.0068
1	0.0059
1	-0.0059
1	-0.0065
1	0.0073
1	0.0026
1	0.0041
1	0.005
1	0.0078
1	0.0066
1	0.01
1	0.0023
1	0.0014
1	0.0034
1	0.002
1	-0.0167
1	-0.0059
1	0.0006
1	0.001
1	-0.0005
1	0.0067
1	0.0052
1	-0.0069
1	-0.009
1	0.0048
1	0.0011
1	0.0055
1	0.0093
1	0.0072
1	-0.0028
1	0.0069
1	0.0006
1	0.0013
1	0.0055
1	0.0064
1	0.0072
1	0.0089
1	0.001
1	-0.0003
1	0.0052
1	0.001
1	-0.0024
1	0.0054
1	0.0025
1	-0.0075
1	0.0069
1	0.0069
1	0.0012
1	0.0011
1	0.0074
1	0.0061
1	0.0044
1	0.0042
1	-0.024
1	0.0068
1	-0.0039
1	0.0114
1	0.0132
1	0.0059
1	-0.0041
1	0.0039
1	0.0072
1	0.0015
1	0.0019
1	0.01
1	-0.0083
1	0.0122
1	0.0064
1	0.0079
1	0.009
1	0.0025
1	0.0095
1	-0.0068
1	0.0052
1	0.0039
1	-0.0142
1	0.0102
1	0.0021
1	-0.0195
1	0.0021
1	0.0069
1	0.008
1	0.008
1	0.0048
1	0.0069
1	0.01
1	0.0086
1	0.0061
1	0.0009
1	0.0029
1	-0.0107
1	0.0096
1	0.0095
1	0.0025
1	0.0069
1	0.0033
1	-0.0095
1	0.0032
1	-0.0144
1	-0.0008
1	-0.0096
1	0.0094
1	0.0068
1	0.0021
1	-0.0031
1	-0.0137
1	-0.0013
1	0.0094
1	0.0063
1	0.0004
1	0.003
1	-0.0116
1	0.0053
1	0.0031
1	-0.0187
1	-0.0214
1	-0.0044
1	0.0107
1	0.0033
1	0.0114
1	0.0074
1	0.0108
1	0.0014
1	0.0111
1	-0.0038
1	0.0021
1	0.0058
1	-0.0058
1	0.0056
1	0.0032
1	0.004
1	0.0077
1	0.0026
1	-0.0183
1	0.0068
1	-0.0038
1	0.0022
1	-0.019
1	-0.0042
1	-0.0043
1	0.0049
1	-0.0123
1	0.0083
1	0.0031
1	0.0053
1	-0.0034
1	-0.004
1	0.0038
1	0.0088
1	0.0097
1	-0.0085
1	0.0051
1	0.0097
1	-0.0048
1	0.0079
1	0.0018
1	-0.0023
1	0.0092
1	-0.0054
1	0.0111
1	-0.0072
1	0.0081
1	-0.0006
1	-0.0088
1	-0.0028
1	0.0058
1	0.0059
1	0.0087
1	0.0075
1	0.0056
1	0.0094
1	-0.0075
1	0.0083
1	-0.0067
1	0.0084
1	0.0005
1	-0.0165
1	-0.0011
1	0.0018
1	-0.0014
1	0.0068
1	-0.0123
1	0.0034
1	0.0047
1	0.0032
1	0.0027
1	0.0037
1	0.0023
1	0.002
1	-0.0067
1	-0.0059
1	-0.0152
1	0.0007
1	-0.0034
1	0.01
1	-0.0204
1	-0.0033
1	0.0037
1	0.0017
1	-0.0195
1	0.0036
1	0.0069
1	0.0063
1	-0.0154
1	-0.0054
1	0.0061
1	-0
1	0.0018
1	0.0045
1	-0.0165
1	-0.0028
1	-0.0029
1	-0.001
1	0.0048
1	0.0033
1	0.0028
1	0.0042
1	0.0064
1	0.0038
1	-0.0044
1	0.0035
1	-0.0009
1	0.0022
1	0.0014
1	-0
1	0.0027
1	0.0047
1	-0.0105
1	-0.0009
1	-0.0067
1	0.009
1	0.0065
1	0.0045
1	0.0103
1	0.0049
1	0.0057
1	0.0087
1	0.0009
1	-0.0044
1	0.0016
1	-0.0008
1	0.0077
1	0.0009
1	0.0034
1	-0.011
1	0.0089
1	0.01
1	-0.0011
1	0.0034
1	0.0088
1	0.006
1	-0.0079
1	0.0009
1	0.0069
1	0.0047
1	0.0091
1	0.0089
1	-0.0051
1	0.0082
1	0.0045
1	0.0074
1	-0.0068
1	-0.0149
1	0.0038
1	0.0086
1	-0.0029
1	0.007
1	-0.0026
1	0.0003
1	0.0035
1	-0.0181
1	0.0002
1	-0.0026
1	0.0017
1	0.0094
1	0.0026
1	0.0129
1	0.0024
1	0.0064
1	0.0026
1	0.013
1	0.0066
1	0.004
1	0.006
1	0.0052
1	-0.0032
1	0.008
1	0.0063
1	0.0088
1	0.0121
1	0.0073
1	-0.0053
1	-0.001
1	0.0096
1	0.002
1	-0.0015
1	0.0041
1	0.007
1	0.0058
1	-0.0019
1	0.0114
1	0.0031
1	-0.0036
1	0.0077
1	0.0058
1	0.0051
1	0.0103
1	0.0079
1	0.0073
1	-0.0001
1	0.0093
1	0.0001
1	0.0113
1	0.0002
1	0.0096
1	0.0017
1	0.0032
1	-0.0005
1	0.0071
1	0.0041
1	-0.02
1	-0.0015
1	0.0025
1	0.004
1	0.0068
1	0.0046
1	0.0043
1	-0.0043
1	0.0091
1	0.0053
1	0.0068
1	0.0094
1	0.0052
1	0.0057
1	-0.0092
1	0.0077
1	0.0033
1	0.0057
1	-0.0072
1	0.0112
1	0.0026
1	0.0112
1	-0.0101
1	-0.0227
1	0.0027
1	-0.0205
1	0.0042
1	0.001
1	0.005
1	0.013
1	0.0061
1	0.0039
1	-0.001
1	-0.0004
1	0.0063
1	-0.0141
1	0.009
1	0.0087
1	0.0036
1	0.0036
1	-0
1	0.0063
1	0.0048
1	0.0076
1	0.0028
1	0.0068
1	-0.0026
1	-0.0089
1	-0.0098
1	-0.0059
1	0.004
1	0.0022
1	0.0029
1	0.0018
1	0.0055
1	-0.0004
1	0.0026
1	0.0011
1	-0.0037
1	0.0029
1	0.0003
1	0.008
1	0.0088
1	-0.0142
1	-0.0003
1	-0.0028
1	-0.0013
1	0.0068
1	-0.0107
1	-0.0159
1	0.0012
1	0.007
1	0.0124
1	-0.0193
1	0.0106
1	0.0092
1	0.0017
1	-0.0068
1	0.0069
1	0.0092
1	0.0077
1	0.0022
1	-0.0055
1	0.0036
1	-0.0019
1	-0.0019
1	0.003
1	0.003
1	0.0004
1	0.0052
1	0.0049
1	0.0026
1	0.0031
1	0.0068
1	0.0103
1	0.0059
1	-0.007
1	0.0029
1	-0.0108
1	-0.0075
1	0.004
1	0.0044
1	0.0106
1	0.0062
1	-0.0055
1	0.0024
1	-0.0158
1	0.0073
1	-0.007
1	0.0038
1	0.0004
1	0.0104
1	-0.0037
1	0.0039
1	0.0062
1	-0.0067
1	0.0047
1	0.0038
1	-0.0141
1	-0.0039
1	0.0062
1	-0.0185
1	0.006
1	0.0101
1	0.0051
1	0.004
1	0.0019
1	0.0005
1	-0.0004
1	0.0035
1	0.0083
1	0.0012
1	0.003
1	-0.0212
1	0.0072
1	-0.0009
1	-0.0004
1	0.0084
1	-0.0012
1	0.0058
1	-0.0028
1	-0.0006
1	0.0022
1	0.0075
1	-0.0014
1	0.0033
1	0.012
1	0.0085
1	-0.0163
1	0.0073
1	0.0007
1	0.0028
1	-0.0112
1	0.0062
1	0.0004
1	0.0079
1	-0.0202
1	0.0047
1	-0.0039
1	-0.0063
1	0.0113
1	0.0061
1	-0.0078
1	0.005
1	-0.0106
1	0.0057
1	0.0082
1	-0.0008
1	0.0027
1	0.0085
1	0.0085
1	0.0051
1	0.0012
1	0.0033
1	0.0039
1	0.0059
1	-0.0064
1	0.0076
1	-0.0209
1	-0.001
1	-0.0025
1	-0.0011
1	0.0075
1	0.0056
1	0.0023
1	0.0106
1	0.005
1	0.0079
1	0.0089
1	-0.0162
1	0.0004
1	-0.0024
1	0.0059
1	0.0062
1	0.0099
1	0.0023
1	-0.0069
1	0.0053
1	-0.0028
1	-0.0015
1	-0.0132
1	0.0021
1	-0.0061
1	0.0039
1	0.0089
1	0.0017
1	-0.0017
1	-0.0004
1	-0.0111
1	0.0079
1	0.0093
1	0.001
1	-0.012
1	0.0076
1	-0.0181
1	0.0065
1	-0.0107
1	-0
1	-0.004
1	0.0124
1	0.0063
1	-0.0023
1	0.0059
1	0.006
1	-0.0074
1	0
1	-0.0018
1	0.0074
1	0.01
1	-0.0072
1	-0.0112
1	0.0106
1	0.0041
1	0.0099
1	0.0002
1	-0.0092
1	0.0043
1	0.0046
1	-0.0048
1	0.0098
1	-0.0064
1	0.0036
1	0.0021
1	0.0031
1	-0.0012
1	0.0031
1	0.0068
1	0.0031
1	0.0056
1	0.0037
1	0.0071
1	0
1	0.0035
1	0.0035
1	0.002
1	-0.005
1	-0.0071
1	0.0065
1	0.0041
1	-0.0025
1	0.0067
1	-0.0052
1	-0.0059
1	0.0055
1	0.0036
1	-0.0041
1	0.0048
1	-0.0064
1	0.0128
1	-0.0155
1	0.0038
1	-0.0057
1	-0.0093
1	0.0077
1	0.0079
1	-0.0064
1	-0.0003
1	0.0052
1	0.0038
1	0.011
1	-0
1	-0.0195
1	0.0011
1	-0.0105
1	0.0065
1	-0.0029
1	0.0042
1	0.002
1	0.0104
1	0.0027
1	-0.0057
1	0.0072
1	0.0073
1	-0.017
1	0.005
1	0.0091
1	0.0085
1	0.0021
1	0.0035
1	0.0028
1	0.0017
1	0.0087
1	-0.0008
1	0.0048
1	0.0062
1	-0.0098
1	0.0091
1	0.0089
1	0.0044
1	-0.0092
1	0.0116
1	0.0044
1	0.0045
1	0.0071
1	0.0013
1	0.0074
1	0.0029
1	0.0008
1	0.0091
1	0.0013
1	-0.0001
1	0.0054
1	-0.0048
1	0.0082
1	0.0069
1	-0.004
1	0.0065
1	0.0075
1	-0.0012
1	-0.0028
1	-0.0063
1	0.0047
1	-0.0159
1	-0.0085
1	-0.0128
1	0.0084
1	0.0042
1	0.0042
1	0.0026
1	0.0041
1	0.0039
1	0.0001
1	0.0101
1	-0.0048
1	-0.0042
1	0.005
1	-0.0137
1	-0.0001
1	-0.0032
1	0.0059
1	0.0046
1	0.0101
1	-0.0146
1	0.006
1	0.0024
1	0.0099
1	0.0029
1	0.0043
1	0.0055
1	-0.0095
1	0.0038
1	0.0121
1	0.0033
1	0.0004
1	-0.0045
1	0.0091
1	-0.0066
1	0.0095
1	0.0072
1	-0.0133
1	0.0007
1	-0.0082
1	0.004
1	0.0002
1	-0.0034
1	0.0021
1	0.0066
1	0.0045
1	-0.0037
1	-0.0127
1	-0.0011
1	0.002
1	0.0073
1	0.0107
1	-0.0052
1	0.0014
1	0.0035
1	0.0045
1	0.0014
1	0.003
1	-0.003
1	0.0029
1	0.0082
1	0.0004
1	0.0099
1	0.0018
1	0.0055
1	0.0021
1	0.0052
1	0.0109
1	0.0027
1	-0.0051
1	0.0054
1	-0.0047
1	-0.0099
1	0.0047
1	0.0116
1	-0.0055
1	-0.0021
1	0.007
1	0.0084
1	0.0016
1	-0.0169
1	0.0023
1	0.0036
1	0.0045
1	-0.009
1	0.0092
1	0.0047
1	-0.0028
1	0.0049
1	0.0025
1	-0.0005
1	-0.0155
1	0.007
1	-0.0025
1	0.0105
1	-0.0064
1	-0.0124
1	0.0008
1	0.0044
1	-0.0125
1	-0.0018
1	-0.0045
1	0.0083
1	0.0086
1	0.0013
1	0.008
1	-0.0025
1	0.0051
1	-0.0054
1	0.004
1	0.006
1	0.0054
1	0.0004
1	0.001
1	0.0036
1	0.0087
1	-0.0036
1	0.0014
1	0.0066
1	0.0069
1	0.0024
1	0.0051
1	-0.0054
1	0.0035
1	0.0082
1	0.0032
1	-0.0004
1	0.005
1	0.0062
1	0.0108
1	0.0131
1	0.0101
1	-0.0057
1	0.0033
1	0.0022
1	0.0011
1	0.0074
1	0.0077
1	0.0012
1	-0.0121
1	0.007
1	0.0033
1	-0.0011
1	0.0092
1	-0.0286
1	0.0081
1	0.0013
1	0.0102
1	0.013
1	0.0079
1	0.0091
1	0.0054
1	0.01
1	0.0056
1	0.0073
1	-0.0024
1	0.0048
1	0.004
1	0.0021
1	-0.0057
1	0.0041
1	-0.0008
1	-0.016
1	0.008
1	0.0092
1	0.0046
1	0.0027
1	-0.0059
1	-0.0009
1	0.0083
1	-0.0158
1	0.0029
1	-0.0044
1	-0.0043
1	0.0051
1	-0.0007
1	0.0068
1	0.003
1	0.011
1	0.0045
1	0.002
1	0.0038
1	-0.0144
1	0.01
1	-0.0128
1	0.0014
1	-0.0142
1	0.0022
1	0.0011
1	0.0093
1	-0.0249
1	-0.0036
1	-0.0092
1	0.0054
1	0.0033
1	0.001
1	-0.0143
1	-0.006
1	0.0063
1	0.0029
1	0.0059
1	0.0071
1	0.0007
1	-0.0183
1	0.0036
1	0.0031
1	-0.0026
1	0.0071
1	-0.0077
1	-0.0088
1	-0.0069
1	0.0004
1	-0.0014
1	0.0097
1	0.0107
1	0.0097
1	-0.0202
1	0.001
1	0.0109
1	0.0031
1	0.0098
1	0.0054
1	0.0015
1	0.0105
1	-0.0013
1	-0.0021
1	0.0008
1	-0.0188
1	0.0124
1	0.0097
1	0.0051
1	0.0038
1	-0.0002
1	0.0056
1	0.0078
1	0.0106
1	-0.0098
1	0.0074
1	0.0074
1	-0.0017
1	0.0002
1	0.0013
1	0.0008
1	0.011
1	0.0054
1	-0.0097
1	0.0018
1	0.0021
1	0.0069
1	0.0097
1	0.0099
1	0.0048
1	0.0069
1	-0.0011
1	0.0015
1	0.0078
1	0.006
1	-0.0099
1	0.0104
1	0.0065
1	0.0077
1	0.0054
1	0.0049
1	0.0037
1	-0.0211
1	0.0042
1	0.0056
1	-0.0021
1	-0.0043
1	0.0003
1	0.0003
1	0.0134
1	0.0016
1	0.0112
1	-0.0167
1	0.004
1	0.0021
1	0.0071
1	0.0042
1	-0.0045
1	0.0023
1	-0.0022
1	0.0021
1	0.0099
1	-0.0032
1	0.003
1	0.0066
1	-0
1	0.0037
1	0.0118
1	0.008
1	0.0072
1	0.0024
1	-0.0017
1	0.0052
1	-0.0057
1	0.0099
1	0.0101
1	-0.01
1	0.0111
1	0.0069
1	-0.0039
1	0.0048
1	0.0069
1	0.0025
1	0.0043
1	0.0032
1	-0.0094
1	0.0095
1	0.003
1	0.0007
1	0.0052
1	-0.0039
1	0.0103
1	0.0042
1	0.0052
1	0.0012
1	0.0033
1	0.0037
1	0.008
1	0.0045
1	0.0057
1	-0.0061
1	-0.0128
1	0.0056
1	0.0075
1	-0.0008
1	-0.007
1	0.0043
1	0.0058
1	-0.0059
1	-0.0018
1	0.0078
1	-0.015
1	0.0043
1	0.0101
1	0.0073
1	0.0071
1	-0.0014
1	-0.0036
1	0.0054
1	0.0063
1	-0.0062
1	-0.0026
1	0.0036
1	0.0096
1	0.0032
1	0.008
1	0.0104
1	-0.0084
1	0.0026
1	0.0064
1	0.0089
1	0.0077
1	0.0085
1	0.0059
1	0.0059
1	-0.0008
1	0.004
1	0.0025
1	0.0044
1	0.0003
1	0.0073
1	0.0077
1	0.0046
1	0.0014
1	0.0058
1	0.0078
1	0.004
1	0.0041
1	-0.0031
1	0.012
1	0.0074
1	0.0102
1	0.0065
1	-0.0026
1	-0.0141
1	0.0061
1	0.0032
1	0.0054
1	-0.0053
1	0.0073
1	0.0102
1	0.002
1	0.0099
1	0.0079
1	0.011
1	0.0035
1	0.0068
1	0.0107
1	-0.0004
1	0.013
1	0.0105
1	0.0008
1	-0.0015
1	-0.0057
1	0.0049
1	0.0033
1	-0.0127
1	-0.0036
1	0.0054
1	0.004
1	0.0026
1	0.0047
1	0.0098
1	0.0025
1	0.0059
1	0.0053
1	-0.0004
1	0.0085
1	0.0063
1	-0.0078
1	0.0092
1	0.0071
1	-0.0056
1	0.0075
1	0.0077
1	0.0058
1	0.0084
1	-0.004
1	-0.0052
1	0.0105
1	0.006
1	-0.0034
1	0.0103
1	0.0082
1	-0.0082
1	-0.0053
1	0.0052
1	0.0061
1	0.0046
1	0.0088
1	-0.0068
1	0.0044
1	0.0009
1	0.0048
1	0.0044
1	-0.0245
1	0.0023
1	-0.0032
1	0.0043
1	-0.0005
1	0.0062
1	0.0036
1	0.0031
1	0.0074
1	-0.0047
1	-0.0083
1	0.0119
1	-0.0188
1	0.0106
1	-0.0104
1	-0.009
1	-0.0019
1	-0.0062
1	-0.0011
1	0.006
1	0.0087
1	0.005
1	0
1	-0.0057
1	0.0011
1	-0.0186
1	0.0005
1	0.0088
1	0.0066
1	0.0047
1	-0.0009
1	0.0006
1	0.0003
1	-0.0002
1	0.0008
1	-0.0024
1	0.0049
1	0.0112
1	0.0072
1	0.0032
1	-0.0034
1	0.0029
1	0.0108
1	0.006
1	-0.0137
1	0.0086
1	-0.0035
1	0.0022
1	0.0007
1	0.0073
1	0.0037
1	0.0049
1	0.0037
1	0.0068
1	0.0022
1	0.0069
1	-0.0028
1	0.0044
1	0.0069
1	-0.0029
1	0.0047
1	-0.0143
1	0.0078
1	0.0116
1	0.0102
1	-0.0003
1	0.0039
1	0.0095
1	0.0067
1	-0.0038
1	0.0117
1	0.0028
1	0.0016
1	0.0065
1	0.0025
1	0.0061
1	-0.0035
1	0.0015
1	0.0025
1	-0.0154
1	0.0018
1	0.0002
1	0.011
1	0.0089
1	-0.0021
1	0.0038
1	0.0053
1	0.0042
1	0.0091
1	0.0106
1	-0.0017
1	0.0058
1	0.0039
1	-0.0047
1	0.0082
1	-0.008
1	0.0063
1	0.0037
1	-0.0083
1	0.0027
1	0.0111
1	0.0094
1	0.002
1	0.0087
1	0.004
1	-0.0097
1	-0.0028
1	0.0019
1	-0.0011
1	-0.0022
1	-0.0025
1	-0.0059
1	0.0041
1	0.0071
1	0.0041
1	0.0028
1	-0.0015
1	0.0071
1	0.0019
1	-0.0045
1	0.0014
1	0.0048
1	0.0057
1	0.0064
1	0.0066
1	0.01
1	-0.0057
1	0.0092
1	0.0016
1	-0.003
1	0.0077
1	0.0008
1	0.0038
1	0.0102
1	0.0068
1	0.0092
1	-0.002
1	-0.0076
1	-0.0109
1	0.0064
1	-0.0029
1	0.0048
1	0.001
1	0.006
1	0.0076
1	0.0079
1	0.0091
1	0.0059
1	-0.0007
1	0.0053
1	0.0072
1	0.0051
1	0.006
1	-0.0012
1	-0.0075
1	-0.003
1	-0.0012
1	-0.0012
1	-0.0013
1	0.0044
1	0.0037
1	-0.0058
1	-0.0032
1	0.001
1	0.0063
1	0.0031
1	-0.0021
1	0.0042
1	0.0029
1	-0.0033
1	-0.0012
1	-0.0014
1	0.0072
1	0.0044
1	0.0064
1	-0.004
1	0.0076
1	-0.0004
1	-0.0037
1	-0.004
1	-0.0015
1	-0.0272
1	0.0106
1	0
1	-0.0059
1	0.0029
1	0.0057
1	0.008
1	0.0021
1	0.0115
1	0.0003
1	0.0006
1	0.0101
1	-0.013
1	-0.0094
1	-0.0133
1	0.0086
1	-0.0015
1	0.0011
1	-0.0076
1	0.0055
1	0.008
1	0.0057
1	-0.0103
1	0.0061
1	0.0027
1	0.0015
1	0.0082
1	-0.0012
1	0.0059
1	-0.0038
1	-0.0075
1	0.0096
1	-0.0027
1	-0.0108
1	-0.0032
1	0.0006
1	-0.0041
1	0.0085
1	-0.0017
1	-0.0019
1	0.0079
1	0.0087
1	-0.0026
1	0.0034
1	0.0054
1	0.0005
1	0.007
1	0.0065
1	-0.0116
1	0.006
1	0.0045
1	0.0108
1	0.0096
1	-0.0163
1	0.0103
1	0.0081
1	-0.0093
1	-0.0028
1	0.0056
1	0.0091
1	-0.0039
1	-0.0055
1	0.0063
1	-0.007
1	0.0043
1	-0.0165
1	-0.0028
1	-0.0084
1	0.0067
1	0.0106
1	0.0024
1	-0.0044
1	0.0098
1	-0.0085
1	0.0016
1	-0.0032
1	-0.0099
1	0.0042
1	0.0033
1	0.0059
1	0.0089
1	-0.0014
1	-0.0007
1	-0.0052
1	0.0047
1	0.0107
1	-0.0036
1	-0.0033
1	0.0084
1	0.0052
1	0.0079
1	0.0025
1	0.0008
1	0.0003
1	-0.0014
1	-0.0066
1	0.0062
1	0.009
1	0.008
1	0.003
1	0.0093
1	-0.0108
1	-0.001
1	0.0103
1	-0.0016
1	0.0001
1	-0.0017
1	-0.0001
1	0.0012
1	-0.0059
1	0.007
1	0.0089
1	0.0018
1	0.0015
1	-0.0111
1	0.0049
1	-0.0022
1	0.0086
1	0.01
1	-0.0005
1	0.0086
1	0.0079
1	0.005
1	0.0068
1	-0.02
1	-0.0142
1	-0.0003
1	0.0039
1	0.0057
1	0.0025
1	0.0022
1	0.0016
1	0.004
1	0.0064
1	0.0003
1	-0
1	0.0059
1	0.0039
1	0.0015
1	0.0098
1	-0.0014
1	0.0098
1	-0.006
1	-0.001
1	-0.0012
1	0.0041
1	0.005
1	0.0045
1	0.0014
1	0.0045
1	-0.0106
1	0.0098
1	0.0005
1	0.0102
1	0.0042
1	-0.0104
1	0.0047
1	-0.0071
1	0.0036
1	0.0072
1	0.0024
1	0.0108
1	-0.0027
1	0.0079
1	-0.0016
1	-0.0172
1	0.0066
1	0.0006
1	0.0039
1	0.0008
1	0.0087
1	0.011
1	-0.0026
1	-0.002
1	0.0078
1	-0.0028
1	0.0031
1	0.0062
1	0.0078
1	0.0031
1	-0.0008
1	-0.0147
1	-0.0079
1	-0.0264
1	-0.0093
1	0.006
1	0.0066
1	0.0009
1	0.0002
1	0.0069
1	0.0092
1	0.0085
1	0.0008
1	0.0094
1	0.0074
1	0.0067
1	0.004
1	0.009
1	0.002
1	0.0037
1	0.0038
1	0.0017
1	0.004
1	-0.0005
1	0.0074
1	0.005
1	0.0019
1	-0.0185
1	0.0014
1	0.0034
1	0.0067
1	0.0041
1	0.008
1	0.0005
1	0.0089
1	0.0023
1	0.0034
1	0.001
1	0.0105
1	-0.0031
1	0.0063
1	0.0108
1	0.0116
1	-0.0062
1	-0.0003
1	-0.0089
1	-0.0002
1	-0.0017
1	0.0061
1	-0.0093
1	0.0083
1	0.005
1	0.0112
1	0.0021
1	0.0054
1	-0.0021
1	-0.0003
1	-0.0117
1	0.002
1	0.0101
1	0.0044
1	0.0102
1	0.0058
1	0.0094
1	0.0058
1	0.0075
1	-0.0098
1	-0.0045
1	-0.0065
1	0.0041
1	-0.0033
1	0.0104
1	0.0094
1	-0.0035
1	0.0092
1	0.0113
1	0.0102
1	0.011
1	-0.019
1	0.0086
1	-0.0045
1	0.0073
1	-0.0113
1	0.0016
1	0.0106
1	0.0045
1	-0.0076
1	0.002
1	-0.0199
1	0.007
1	0.0095
1	0.0018
1	-0.0013
1	0.0097
1	-0.0006
1	0.0024
1	0.0033
1	-0.0106
1	0.0068
1	0.0122
1	0.0014
1	-0.0002
1	0.0039
1	0.0072
1	0.0021
1	0.0006
1	0.001
1	-0.0003
1	0.0024
1	0.0069
1	0.0017
1	-0.0054
1	-0.008
1	0.0087
1	-0.002
1	0.004
1	0.0047
1	-0.0104
1	0.004
1	0.004
1	0.0049
1	0.0077
1	0.0094
1	-0.0065
1	0.0006
1	-0.0104
1	0.0073
1	0.0023
1	0.009
1	0.0069
1	0.0074
1	0.0045
1	0.0101
1	0.001
1	-0.0055
1	-0.0002
1	0.0072
1	-0.0025
1	-0.0076
1	0.0075
1	0.0095
1	0.0045
1	0.012
1	-0.0027
1	0.0072
1	-0.0053
1	-0.0011
1	0.0078
1	0.007
1	-0.0131
1	0.0036
1	0.0091
1	-0.0008
1	0.0089
1	-0.0043
1	0.0084
1	-0.0139
1	-0.0067
1	-0.0064
1	-0.0201
1	0.0049
1	0.0042
1	0.0076
1	-0.0002
1	0.0092
1	0.0009
1	0.0119
1	0.0135
1	0.0033
1	0.0003
1	0.0074
1	-0.0068
1	-0.0251
1	0.0064
1	-0.0122
1	0.0133
1	0.0039
1	0.0019
1	-0.0013
1	0.0102
1	0.005
1	-0.0071
1	0.0058
1	-0.0027
1	0.0007
1	-0.009
1	0.0083
1	0.0013
1	0.0041
1	0.0074
1	0.0081
1	0.0076
1	-0.0016
1	-0.0065
1	0.0032
1	-0.0016
1	-0.0044
1	0.0042
1	-0.0117
1	0.0001
1	0.005
1	-0.0077
1	0.0056
1	0.0111
1	-0.0201
1	0.0107
1	0.0132
1	-0.0027
1	0.0068
1	0.0108
1	-0.0077
1	-0.0058
1	-0.0092
1	0.0097
1	0.0099
1	-0.0027
1	-0.0297
1	-0.0094
1	0.0051
1	0.0069
1	0.0063
1	0.0084
1	-0.0034
1	0.0079
1	0.0094
1	0.0111
1	0.0075
1	0.0005
1	0.0084
1	0.0024
1	-0.0001
1	-0.0022
1	0.0079
1	0.0046
1	-0.0062
1	0.009
1	0.0073
1	-0.029
1	0.0101
1	0.0025
1	0.0009
1	0.0014
1	-0.0067
1	0.0062
1	0
1	-0.0008
1	0.0033
1	-0.0241
1	-0.0095
1	0.0012
1	0.0055
1	-0.0013
1	0.005
1	-0.009
1	0.0075
1	-0.0142
1	0.0001
1	0.004
1	0.0032
1	0.0105
1	0.0014
1	-0.0008
1	0.0036
1	0.0092
1	0.0038
1	0.0072
1	0.0055
1	-0.0031
1	0.0047
1	0.0064
1	-0.0023
1	0.0002
1	0.0041
1	0.0085
1	0.0079
1	-0.0039
1	0.009
1	-0.014
1	-0.014
1	0.0066
1	0.0016
1	0.0084
1	0.0073
1	0.0103
1	-0.0003
1	-0.0075
1	0.0064
1	0.0083
1	-0.0061
1	0.0087
1	0.0042
1	0.0025
1	0.0019
1	0.0107
1	0.0096
1	0.0018
1	0.0065
1	0.0052
1	0.0098
1	0.0046
1	0.0065
1	0.0061
1	0.0044
1	-0.0014
1	0.0033
1	0.006
1	0.0077
1	-0.0027
1	-0.0178
1	0.0058
1	-0.0098
1	0.0027
1	0.0011
1	0.0046
1	0.0079
1	0.0105
1	0.0019
1	0.0056
1	-0.0025
1	-0.0082
1	0.0036
1	0.0093
1	-0.003
1	0.0109
1	-0.01
1	-0.0036
1	0.011
1	0.0092
1	0.0026
1	-0.0035
1	0.0012
1	0.0038
1	-0.0014
1	0.0083
1	0.009
1	-0.0003
1	0.0053
1	-0.0017
1	0.007
1	0.0103
1	0.0061
1	0.0045
1	0.0107
1	0.0106
1	-0.0132
1	0.002
1	0.0083
1	0.007
1	0.0083
1	0.0016
1	0.0075
1	0.0044
1	0.0042
1	0.008
1	0.003
1	0.0096
1	0.0027
1	-0.0025
1	0.0011
1	0.0013
1	0.0032
1	0.0039
1	0.0078
1	0.0069
1	0.0027
1	0.0025
1	-0.0001
1	0.0056
1	-0.0001
1	0.0053
1	-0.0051
1	0.0112
1	0.013
1	0.0034
1	-0.0104
1	0.0004
1	-0.0033
1	0.0125
1	0.0063
1	-0.0062
1	0.0025
1	0.0024
1	0.0078
1	0.0024
1	0.0016
1	0.0043
1	0.0019
1	0.0014
1	0.0066
1	0.0043
1	0.0101
1	0.0063
1	-0.0026
1	0.0073
1	-0.0011
1	-0.0112
1	-0.0043
1	0.0083
1	0.0085
1	0.0077
1	0.0111
1	0.0004
1	-0.0019
1	-0.0069
1	0.0094
1	0.0086
1	-0.0062
1	-0.0019
1	0.0068
1	-0.0039
1	-0.0025
1	0.0081
1	0.0044
1	0.0125
1	0.0018
1	0.0084
1	-0.002
1	0.0007
1	-0.0063
1	0.009
1	0.0065
1	0.0073
1	0.0096
1	0.0023
1	0.0035
1	0.0085
1	-0.0138
1	0.0095
1	0.0059
1	0.0039
1	0.0022
1	-0.0018
1	0.0127
1	-0.0082
1	-0.0102
1	0.0027
1	0.0044
1	-0.0048
1	0.01
1	0.0026
1	0.002
1	0.006
1	0.0037
1	0.0085
1	0.0011
1	-0.0031
1	0.0098
1	0.0062
1	0.0027
1	-0.0041
1	0.001
1	0.0113
1	0.0072
1	0.0067
1	-0.0049
1	0.0041
1	0.0095
1	0.0109
1	0.0091
1	0.0059
1	0.004
1	-0.0022
1	-0.0087
1	0.004
1	-0.0019
1	0.0096
1	0.0014
1	0.0103
1	0.002
1	0.0077
1	-0.0047
1	-0.0019
1	0
1	0.007
1	0.0068
1	0.0073
1	-0.0036
1	0.0113
1	0.003
1	0.0077
1	0.0063
1	0.0035
1	-0.0123
1	0.0068
1	-0.0069
1	0.0081
1	0.003
1	-0.0038
1	0.0099
1	0.0071
1	0.0064
1	-0.0002
1	0.005
1	0.0045
1	0.0049
1	0.0088
1	-0.0001
1	0.0053
1	0.005
1	0.0036
1	0.0076
1	0.0019
1	0.0083
1	0.0066
1	-0.008
1	0.0058
1	0.0058
1	-0.0162
1	0.0093
1	-0.0034
1	0.0103
1	0.0009
1	0.0093
1	0.0064
1	0.0078
1	0.0077
1	-0.0115
1	0.0084
1	0.0058
1	0.0072
1	0.0092
1	0.0099
1	0.006
1	0.0017
1	0.0021
1	0.0016
1	0.0013
1	0.0023
1	0.0043
1	0.0117
1	0.0041
1	0.0015
1	0.0078
1	0.0005
1	0.0069
1	-0.0087
1	0.0082
1	0.0026
1	0.0056
1	-0.0015
1	-0.0045
1	-0.0029
1	-0.0044
1	0.0001
1	0.0064
1	0.0107
1	-0.0012
1	0.0082
1	0.0043
1	0.0136
1	-0.0001
1	0.0018
1	0.0101
1	0.0051
1	0.0054
1	0.0034
1	0.0131
1	-0.0122
1	0.0067
1	0.0068
1	-0.0142
1	0.0069
1	0.0091
1	0.0058
1	0.0048
1	0.0083
1	0.0063
1	0.0105
1	-0.0062
1	-0.0058
1	0.0036
1	-0.0101
1	0.0066
1	-0.0096
1	-0.0019
1	0.0087
1	0.006
1	0.0079
1	-0.0067
1	0.0049
1	0.0104
1	-0.0041
1	0.0087
1	-0.0095
1	0.0041
1	0.0005
1	-0.0198
1	0.0102
1	0.0056
1	-0.0015
1	0.0053
1	-0.0046
1	0.0049
1	-0.0111
1	0.0049
1	0.0073
1	0.003
1	0.006
1	0.0008
1	0.001
1	-0.0074
1	0.0045
1	0.0031
1	0.0092
1	-0.0003
1	0.0035
1	0.0074
1	0.0109
1	0.0035
1	0.0005
1	0.0085
1	-0.0002
1	0.0079
1	-0.0044
1	0.0072
1	-0.0038
1	0.0055
1	0.0105
1	-0.0022
1	-0.004
1	0.0009
1	0.0115
1	0.0063
1	0.0062
1	-0.0037
1	0.0102
1	0.0031
1	0.0056
1	0.0109
1	0.0072
1	-0.0065
1	-0.0014
1	-0.0056
1	0.0112
1	0.0056
1	0.0081
1	0.0102
1	-0.0129
1	0.0052
1	0.0066
1	0.0001
1	-0.0095
1	-0.0032
1	-0.0038
1	-0.0013
1	0.0063
1	0.0028
1	0.0064
1	0.0058
1	0.0057
1	0.0046
1	0.0077
1	0.0126
1	0.005
1	0.0035
1	-0.0027
1	-0.0021
1	0.0053
1	0.0015
1	0.0019
1	0.0067
1	0.004
1	-0.0053
1	0.002
1	0.0038
1	0.0064
1	0.0087
1	0.0079
1	-0.0208
1	0.006
1	0.0037
1	-0.0083
1	0.0044
1	0.0007
1	0.0085
1	0.0073
1	0.0117
1	-0.0009
1	0.0116
1	0.0073
1	0.0049
1	0.0066
1	0.0071
1	-0.0039
1	0.0053
1	0.0014
1	0.0065
1	0.0026
1	-0.0113
1	0.0109
1	-0.0213
1	0.0051
1	0.0013
1	0.0055
1	0.0081
1	-0.0019
1	0.0089
1	-0.01
1	-0.0021
1	0.01
1	-0.025
1	-0.0014
1	0.0085
1	0.0096
1	-0.0021
1	0.0002
1	0.0105
1	0.003
1	0.0079
1	0.0065
1	0.0097
1	-0.0023
1	-0.0011
1	-0.0047
1	0.005
1	-0.0092
1	0.0058
1	0.0061
1	-0.0132
1	-0.0014
1	0.003
1	0.0056
1	0.0081
1	-0.008
1	0.0092
1	0.0051
1	0.0091
1	-0.0017
1	0.0072
1	0.0096
1	0.0085
1	0.0023
1	0.0079
1	0.0005
1	0.0079
1	0.0016
1	0.0025
1	-0.0081
1	-0
1	0.0084
1	-0.0015
1	-0.002
1	0.0059
1	0.0001
1	0.0007
1	0.0075
1	-0.0013
1	-0.003
1	-0.0094
1	-0.0042
1	0.0038
1	0.0074
1	0.0052
1	-0.0039
1	0.0039
1	0.0057
1	0.0132
1	0.0044
1	0.0106
1	-0.0009
1	0.0083
1	0.0062
1	0.0021
1	0.0088
1	0.0032
1	0.003
1	0.006
1	0.0023
1	-0.0059
1	-0.0149
1	0.006
1	-0.0043
1	0.0095
1	-0.0009
1	0.005
1	0.0002
1	0.0039
1	0.0091
1	0.0043
1	0.0072
1	0.0046
1	0.0069
1	0.0008
1	0.0025
1	-0.0148
1	0.0046
1	-0.0099
1	-0.0068
1	0.0056
1	0.0028
1	0.0088
1	0.0067
1	0.0059
1	0.006
1	0.0074
1	0.0131
1	-0.0019
1	0.0075
1	-0.0052
1	-0.0075
1	-0.0074
1	0.0129
1	-0.0078
1	0.0017
1	0.0056
1	-0.0002
1	-0.0043
1	0.0069
1	-0.0042
1	0.0065
1	0.0069
1	0.0064
1	0.0029
1	0.0016
1	-0.0035
1	0.0051
1	0.008
1	0.0094
1	0.0001
1	0.0005
1	0.0023
1	-0.0183
1	-0.0022
1	0.0021
1	0.0061
1	0.0027
1	0.0039
1	-0.0002
1	0.0111
1	0.0023
1	0.0018
1	0.0026
1	0.0127
1	0.0061
1	-0.0135
1	0.0031
1	0.006
1	-0.0063
1	0.0097
1	-0.0079
1	-0.0051
1	-0.0012
1	0.0048
1	0.0004
1	-0.0074
1	-0.0017
1	0.0061
1	0.0027
1	0.0097
1	0.0041
1	-0.0106
1	0.0034
1	0.0025
1	-0.0022
1	0.0053
1	0.0123
1	0.0078
1	-0.0157
1	0.0053
1	0.0008
1	0.0051
1	0.0063
1	0.0083
1	0.0081
1	-0.0031
1	-0.0055
1	0.0095
1	0.0036
1	0.0022
1	0.0014
1	0.0052
1	-0.0002
1	-0.0042
1	0.0105
1	-0.0108
1	-0.0027
1	0.008
1	0.0128
1	0.0037
1	-0.0053
1	-0.0152
1	0.0075
1	-0.0075
1	0.0083
1	0.0049
1	0.0039
1	0.0024
1	0.0031
1	0.0067
1	0.0075
1	0.0055
1	-0.0047
1	-0.0033
1	0.0069
1	0.002
1	0.0087
1	0.0081
1	0.0073
1	0.0004
1	0.0052
1	0.0035
1	0.005
1	0.0093
1	0.0024
1	0.0091
1	-0.0083
1	0.0063
1	0.0088
1	0.0109
1	-0.0104
1	0.0013
1	0.0026
1	0.0091
1	0.0047
1	0.0028
1	0.0028
1	0.0102
1	-0.0057
1	0.0016
1	0.0044
1	0.0058
1	-0.0084
1	-0.0009
1	0.0027
1	0.013
1	-0.0145
1	0.0034
1	0.0031
1	0.0011
1	0.0019
1	-0.002
1	0.0001
1	0.0034
1	0.0125
1	0.0036
1	0.0046
1	-0.0012
1	-0.0081
1	0.0097
1	-0.0058
1	0.006
1	-0.0001
1	-0.0092
1	0.0032
1	0.0069
1	-0.0054
1	0.0084
1	0.0075
1	0.0081
1	0.009
1	0.0069
1	0.0079
1	0.0067
1	0.0006
1	0.0041
1	0.0025
1	0.0021
1	0.0077
1	0.008
1	0.005
1	0.0024
1	0.0009
1	0.0061
1	0.0045
1	0.0069
1	-0.0097
1	0.007
1	0.0031
1	0.0104
1	-0.0028
1	0.0082
1	0.0086
1	0.0065
1	0.0073
1	0.0071
1	0.0067
1	0.0013
1	0.0017
1	0.0014
1	-0.0014
1	-0.0039
1	0.0029
1	0.004
1	-0.0015
1	0.0053
1	-0.003
1	-0.0006
1	0.0084
1	0.0083
1	0.0013
1	-0.0092
1	0.0105
1	0.0043
1	0.0016
1	0.0045
1	0.0041
1	0.0039
1	0.0021
1	0.0042
1	0.0088
1	0.0072
1	0.0072
1	-0.0011
1	-0.0056
1	0.0099
1	0.0023
1	-0.0036
1	0.0058
1	0.0116
1	0.0103
1	0.0088
1	0.0049
1	-0.0009
1	-0.0013
1	0.0024
1	0.01
1	0.0039
1	0.0057
1	0.0016
1	-0.003
1	0.0105
1	-0.0013
1	-0.0061
1	0.002
1	0.0016
1	0.0092
1	0.0035
1	0.0065
1	-0.0073
1	0.0091
1	0.0058
1	-0.0124
1	0.0094
1	0.0061
1	0.0037
1	0.0021
1	0.0129
1	0.0011
1	0.001
1	0.0057
1	0.0099
1	0.0097
1	0.0026
1	0.0071
1	0.0132
1	-0.0043
1	0.002
1	0.0087
1	-0.007
1	0.0029
1	-0.0107
1	0.0074
1	0.0084
1	0.0051
1	0.0092
1	0.0071
1	0.0042
1	0.0045
1	-0.0039
1	0.0057
1	0.0033
1	-0.0067
1	0.0044
1	-0.0029
1	0.0033
1	0.0103
1	0.0054
1	0.0092
1	-0.007
1	0.0034
1	0.0109
1	-0.0118
1	0.0099
1	-0.0083
1	0.0011
1	0.0055
1	0.0009
1	0.0012
1	0.0044
1	0.0001
1	-0.0035
1	0.0046
1	0.0033
1	-0.0037
1	-0.0047
1	0.0018
1	-0.0005
1	-0.0003
1	-0.0109
1	0.0041
1	0.0017
1	-0.0054
1	-0.0043
1	0.0103
1	-0.0017
1	-0.0017
1	0.0048
1	-0.0145
1	0.0037
1	0.0055
1	-0.0004
1	-0.0013
1	0.006
1	0.013
1	0.0026
1	0.0073
1	0.0064
1	-0.0038
1	-0.0019
1	0.006
1	0.0019
1	0.0109
1	0.0068
1	0.0044
1	-0.0008
1	0.0049
1	0.0008
1	0.0001
1	0.007
1	0.0055
1	-0.0055
1	0.0043
1	0.0074
1	-0.0027
1	0.0029
1	0.0061
1	-0.0007
1	0.0083
1	-0.0046
1	0.0076
1	0.0057
1	0.0051
1	-0.0062
1	0.0058
1	0.0092
1	0.0086
1	0.0044
1	0.0036
1	0.0064
1	0.002
1	0.0045
1	0.0005
1	0.0084
1	0.0024
1	0.0101
1	0.0014
1	0.0045
1	0.0059
1	0.0051
1	0.008
1	0.0016
1	0.004
1	0.0073
1	0.0106
1	0.0033
1	-0.0002
1	0.0011
1	0.0005
1	0.0084
1	0.0056
1	-0.0029
1	0.0006
1	-0.007
1	0.008
1	0.007
1	0.0036
1	0.0128
1	0.0064
1	-0.0087
1	0.0039
1	0.0041
1	-0
1	-0.0063
1	0.002
1	0.005
1	-0.0005
1	0.0083
1	-0.0096
1	0.0075
1	0.0106
1	0.0048
1	0.0062
1	-0.006
1	0.0012
1	-0.0003
1	0.0055
1	-0.0081
1	0.008
1	0.0098
1	-0.0026
1	-0.0032
1	0.0122
1	0.0063
1	0.0062
1	0.0037
1	-0.0043
1	-0.0012
1	0.0028
1	-0.0048
1	0.004
1	0.0091
1	0.0085
1	-0.0024
1	0.0024
1	0.0051
1	0.0061
1	0.0005
1	0.0018
1	0.001
1	0.0052
1	-0.0057
1	0.0001
1	-0.0089
1	0.0061
1	0.0035
1	0.0069
1	0.0085
1	0.0105
1	-0.0039
1	-0.002
1	0.013
1	0.0072
1	0.0007
1	0.0007
1	-0.0239
1	0.0079
1	0.0103
1	0.0078
1	0.0042
1	0.0055
1	0.0134
1	-0.0007
1	0.0046
1	0.0097
1	-0.0013
1	0.0083
1	-0.0062
1	0.0062
1	0.0105
1	0.0036
1	-0.0026
1	0.0003
1	-0.0048
1	-0.0019
1	0.0004
1	0.0032
1	-0.0003
1	0.0089
1	0.001
1	-0.0122
1	0.0028
1	0.0056
1	-0.0136
1	0.0007
1	0.0039
1	0.0073
1	-0.0029
1	0.0026
1	0.0045
1	-0.0014
1	-0.0013
1	-0.0009
1	-0.0003
1	-0.0053
1	0.0069
1	0.0041
1	0.0074
1	0.0029
1	0.0085
1	0.0037
1	0.0074
1	0.0009
1	-0.0115
1	0.0064
1	-0.0123
1	0.011
1	0.0026
1	0.0007
1	-0.0069
1	0.0057
1	0.0065
1	0.0083
1	0.0077
1	0.0116
1	-0.0007
1	0.0058
1	-0.0131
1	0
1	0.0002
1	0.0078
1	0.0123
1	0.0028
1	0.0105
1	-0.0037
1	0.0059
1	0.006
1	0.0021
1	0.006
1	-0.0059
1	0.0048
1	-0.0127
1	-0.0017
1	0.0011
1	0.0112
1	0.0047
1	0.0013
1	-0.0136
1	-0.001
1	0.0103
1	0.0129
1	0.0131
1	0.0036
1	0.0018
1	0.0129
1	0.0084
1	0.0033
1	0.0076
1	0.0065
1	0.0111
1	0.0064
1	0.0052
1	-0.0035
1	0.0067
1	0.0012
1	0.0105
1	0.0041
1	0.0101
1	0.0049
1	0.002
1	-0.0022
1	0.0048
1	0.0039
1	0.0025
1	-0.0054
1	0.0092
1	-0.0015
1	-0.0153
1	-0.0019
1	0.0049
1	0.0044
1	-0.0037
1	0.0044
1	0.0039
1	-0.0011
1	0.0077
1	0.0097
1	0.0014
1	0.0002
1	0.0083
1	0.0116
1	-0.0078
1	0.0097
1	0.0026
1	0.0011
1	0.0053
1	0.0094
1	0.0061
1	0.0056
1	-0.0131
1	0.0092
1	-0.0258
1	0.0047
1	-0.0033
1	0.0118
1	0.0026
1	0.0085
1	0.0093
1	-0.0026
1	0.0014
1	0.0057
1	0.0016
1	-0.0062
1	0.0026
1	0.0056
1	0.0129
1	0.004
1	0.0053
1	0.0065
1	-0.0089
1	0.0028
1	0.0046
1	0.0097
1	-0.0131
1	-0.0055
1	0.0063
1	-0.0006
1	-0.0096
1	-0.0087
1	0.013
1	0.0009
1	0.0046
1	0.0062
1	0.0101
1	-0.0001
1	0.0022
1	-0.0035
1	0.0073
1	0.0081
1	0.0045
1	-0.0067
1	-0.0106
1	0.0064
1	0.0006
1	0.0071
1	0.0052
1	0.0008
1	0.0093
1	0.0101
1	0.004
1	0.0053
1	0.0027
1	0.001
1	0.004
1	0.006
1	0.0021
1	-0.0002
1	0.0107
1	-0.0202
1	0.0059
1	-0.012
1	0.0077
1	0.0073
1	0.0068
1	-0.0118
1	0.0019
1	0.0055
1	0.0054
1	0.0086
1	0.007
1	-0.0008
1	0.0035
1	0.0067
1	-0.0014
1	0.01
1	-0.0041
1	-0.003
1	-0.0201
1	0.0012
1	-0.0119
1	-0.0014
1	0.0013
1	0.0097
1	0.0072
1	0.008
1	0.0055
1	0.0062
1	0.0038
1	0.0019
1	0.0041
1	-0.0028
1	0.0087
1	0.0016
1	0.0054
1	-0.0059
1	0.0012
1	0.0005
1	0.0092
1	-0.0004
1	-0.0216
1	0.0063
1	0.0051
1	-0.0128
1	0.0079
1	0.0078
1	-0.0039
1	0.0062
1	0.0009
1	0.001
1	0.0037
1	-0.0056
1	0.0013
1	0.0011
1	0.0007
1	0.0049
1	-0.0015
1	0.0065
1	-0.0078
1	0.0079
1	0.0067
1	0.0015
1	0.0038
1	0.0047
1	0.0104
1	0.0063
1	-0.003
1	0.001
1	0.0059
1	0.01
1	0.0025
1	0.0074
1	-0.0011
1	0.0021
1	0.0103
1	0.0024
1	0.0032
1	0.0068
1	0.0089
1	0.0022
1	0.0027
1	0.0023
1	-0.0046
1	0.0059
1	0.0032
1	0.0037
1	0.0053
1	0.0029
1	-0.0053
1	0.0082
1	-0.0002
1	0.0006
1	0.007
1	0.0078
1	-0.0028
1	-0.0058
1	0.0093
1	-0.0134
1	-0.0018
1	-0.0046
1	0.0034
1	0.0048
1	-0.0001
1	0.0095
1	-0.0082
1	-0.0067
1	-0.0013
1	-0.0032
1	0.0053
1	0.0013
1	-0.0127
1	0.0048
1	0.005
1	0.0004
1	0.0024
1	-0.0174
1	0.0113
1	0.0067
1	0.0075
1	-0.0191
1	0.0033
1	-0.0125
1	-0.0079
1	-0.0036
1	-0.0199
1	0.0039
1	0.0022
1	0.0022
1	0.0051
1	-0.0038
1	0.0054
1	0.0114
1	0.0048
1	0.0031
1	-0.0133
1	-0.0073
1	-0.0114
1	-0.0077
1	0.0022
1	0.0054
1	0.0018
1	-0.0018
1	-0.0044
1	0.0064
1	0.0072
1	0.0057
1	-0.0011
1	0.0022
1	-0.0001
1	0.0018
1	0.0065
1	0.0045
1	-0.0058
1	0.0094
1	0.0131
1	-0.0049
1	0.0028
1	0.0023
1	0.0084
1	-0.0229
1	-0.0141
1	-0.0191
1	-0.0003
1	0.0092
1	0.0018
1	0.009
1	0.0014
1	0.0088
1	0.0083
1	0.0098
1	0.0037
1	0.0016
1	0.0083
1	0.0051
1	0.0095
1	0.0074
1	0.0006
1	0.0057
1	0.0018
1	-0.0218
1	0.0136
1	-0.0032
1	0.0084
1	-0.0159
1	-0.0013
1	0.009
1	0.013
1	0.0032
1	-0.0022
1	0.0017
1	0.0133
1	-0.0063
1	-0.01
1	0.0057
1	0.0072
1	-0.0071
1	-0.0097
1	0.0128
1	0.0125
1	0.0131
1	0.0129
1	-0.008
1	0.013
1	-0.0021
1	0.0081
1	0.0089
1	0.0118
1	0.0119
1	0.0099
1	-0.0036
1	0.0069
1	-0.012
1	0.0094
1	0.0089
1	0.0018
1	-0.0003
1	0.0103
1	-0.0138
1	0.0002
1	-0.0029
1	0.0077
1	0.0012
1	-0.0113
1	0.0069
1	0.0071
1	-0.0007
1	-0.0003
1	0.0086
1	0.0028
1	0.0017
1	0.0037
1	0.012
1	0.0104
1	-0.0003
1	0.0039
1	-0.0047
1	0.0025
1	0.0131
1	0.003
1	0.0023
1	0.0031
1	0.0034
1	0.0131
1	0.0127
1	0.0078
1	0.0111
1	0.0072
1	0.0034
1	0.0013
1	0.0008
1	0.0053
1	0.0062
1	0.0031
1	0.0025
1	0.0056
1	0.0029
1	0.0129
1	0.0043
1	0.0086
1	0.0095
1	-0.0067
1	0.0084
1	0.001
1	-0.0022
1	0.0069
1	0.0019
1	-0.0044
1	-0.0033
1	0.0074
1	-0.0063
1	0.0005
1	0.0086
1	0.0087
1	-0.0066
1	0.0051
1	0.0015
1	0.0135
1	0.0105
1	0.0089
1	0.0064
1	0.013
1	-0.0007
1	0.0118
1	0.0082
1	0.0075
1	0.0002
1	0.0064
1	0.0027
1	-0.0023
1	-0.0042
1	-0.0047
1	0.0042
1	0.0029
1	-0.0088
1	0.0072
1	-0.0017
1	0.0043
1	0.0046
1	0.0086
1	0.0082
1	0.0129
1	0.0056
1	0.005
1	-0.001
1	0.0001
1	0.0092
1	0.0026
1	0.0118
1	-0.0066
1	-0.0123
1	0.0098
1	0.0095
1	-0.0026
1	0.01
1	0.0063
1	-0.0211
1	0.0063
1	0.0133
1	0.0059
1	0.0085
1	0.0043
1	0.0044
1	0.013
1	0.0073
1	0.0131
1	-0.0083
1	0.0055
1	0.0047
1	0.0131
1	-0
1	-0.0048
1	0.0032
1	0.013
1	0.0132
1	0.0064
1	0.0073
1	0.0132
1	0.01
1	0.0083
1	0.0071
1	-0.0002
1	0.0055
1	0.0098
1	0.0106
1	0.0092
1	0.009
1	0.0033
1	-0.0054
1	0.0086
1	0.0074
1	0.0057
1	0.0109
1	0.0032
1	0.0098
1	0.0104
1	0.0099
1	0.0021
1	0.0051
1	0.0025
1	-0.0062
1	0.0063
1	0.003
1	0.0057
1	0.0133
1	-0.0263
1	-0.004
1	0.0038
1	0.0085
1	0.0131
1	0.0125
1	-0.0003
1	0.0079
1	0.0053
1	0.0058
1	0.0089
1	0.0057
1	-0.0085
1	0.004
1	0.0098
1	0.0078
1	0.0033
1	0.0013
1	0.008
1	0.003
1	-0.0085
1	0.0047
1	-0.001
1	0.0073
1	0.0059
1	0.0054
1	0.004
1	0.0006
1	0.0036
1	0.0078
1	-0.0011
1	0.0051
1	0.005
1	0.0023
1	0.0086
1	0.0098
1	-0.0216
1	0.0052
1	0.0045
1	-0.0098
1	0.0028
1	-0.0028
1	0.0072
1	0.0065
1	0.0115
1	0.0057
1	0.0041
1	0.0132
1	0.0025
1	0.0101
1	0.0016
1	-0.0004
1	-0.0012
1	0.0033
1	0.0101
1	0.0023
1	0.0017
1	-0.0017
1	-0.0013
1	0.0036
1	-0.0041
1	0.0062
1	0.0045
1	0.0059
1	0.0097
1	0.0098
1	0.0018
1	0.0127
1	0.0128
1	-0.0006
1	-0.0041
1	-0.0054
1	0.0055
1	0.0054
1	0.0013
1	0.0066
1	0.0133
1	0.0056
1	0.0074
1	0.0039
1	0.0098
1	-0.0048
1	-0.0286
1	0.0129
1	-0.0005
1	0.0131
1	0.0099
1	-0.0034
1	0.0131
1	0.0095
1	0.013
1	0.0084
1	0.0092
1	0.0089
1	-0.0069
1	-0.0001
1	0.0051
1	-0.0009
1	0.0064
1	0.0127
1	-0.0031
1	0.0132
1	0.0127
1	-0.0043
1	0.0131
1	0.0097
1	0.0077
1	0.0128
1	0.0125
1	-0.003
1	0.013
1	-0.0012
1	-0.0032
1	-0.0077
1	0.0001
1	0.0036
1	0.0043
1	-0.0017
1	-0.0008
1	0.0057
1	0.0129
1	0.0082
1	0.0037
1	0.0087
1	0.0028
1	-0.0052
1	0.0065
1	0.0069
1	-0.0016
1	0.007
1	0.0131
1	0.0122
1	0.0069
1	-0.002
1	0.0119
1	-0.0024
1	0.0017
1	-0.0128
1	0.0125
1	0.0089
1	-0.0002
1	0.0069
1	-0.0057
1	0.0129
1	0.0051
1	-0.0068
1	-0.0003
1	-0.0082
1	0.0069
1	0.011
1	0.0071
1	-0.0032
1	-0.0024
1	-0.0041
1	0.0051
1	-0.0127
1	0.007
1	0.0093
1	0.0059
1	0.0092
1	0.0065
1	0.0022
1	0.0132
1	0.0067
1	0.009
1	0.0094
1	0.012
1	0.0013
1	-0.0078
1	-0.0032
1	-0.0061
1	0.0072
1	0.0052
1	0.0037
1	0.0109
1	0.0076
1	-0.0078
1	0.0038
1	0.0108
1	0.0103
1	0.0123
1	0.0033
1	-0.0105
1	-0.0031
1	-0.0007
1	-0.0089
1	0.0035
1	0.011
1	0.0132
1	0.009
1	0.0109
1	0.0105
1	0.0015
1	-0.0016
1	0.0129
1	-0.0146
1	0.0131
1	0.002
1	0.0126
1	0.0063
1	-0
1	0.0061
1	0.0049
1	-0.0115
1	0.0101
1	0.003
1	0.0064
1	0.0131
1	0.0107
1	0.0108
1	0.006
1	-0.0069
1	0.0132
1	-0.0005
1	0.0129
1	0.0099
1	0.0131
1	0.0017
1	-0.0072
1	0.0086
1	0.0132
1	-0.0097
1	0.0032
1	0.0063
1	0.0095
1	0.0074
1	0.0096
1	-0.001
1	0.0114
1	0.0059
1	-0.0001
1	-0.0037
1	0.0136
1	0.0087
1	0.0096
1	0.0058
1	0.0072
1	0.0012
1	0.0071
1	0.0032
1	0.002
1	0.0085
1	-0.0051
1	-0.001
1	-0.0043
1	0.0067
1	0.0102
1	0.0068
1	0.0081
1	-0.0103
1	0.0101
1	0.0118
1	-0.0102
1	0.0077
1	0.0019
1	0.0021
1	-0.0038
1	-0.0024
1	0.0062
1	0.0059
1	0.0087
1	0.0054
1	0.0038
1	0.0004
1	-0.0133
1	0.0078
1	0.0004
1	0.0037
1	0.0006
1	-0.0067
1	0.0107
1	-0.0014
1	0.0052
1	0.0059
1	0.0112
1	0.0016
1	-0.0054
1	0.0089
1	0.0028
1	-0.0025
1	-0.003
1	0.0101
1	0.0051
1	0.0031
1	0.0039
1	0.0008
1	-0.0009
1	0.0073
1	0.0084
1	0.0085
1	0.008
1	0.0084
1	0.0041
1	0
1	0.0042
1	0.0028
1	-0.0157
1	0.0003
1	0.0047
1	-0.004
1	0.0087
1	-0.0059
1	0.0024
1	0.0127
1	-0.0007
1	0.0022
1	-0.0106
1	0.0021
1	0.007
1	0.0093
1	0.0002
1	-0.0001
1	-0
1	-0.0001
1	0.0089
1	0.0004
1	0.0059
1	-0.0083
1	-0.0004
1	-0.0091
1	0.0069
1	0.0042
1	0.006
1	0.0049
1	-0.0038
1	0.0063
1	0.0102
1	-0.0041
1	0.0047
1	0.0009
1	-0.0037
1	-0.0006
1	0.0069
1	0.0045
1	-0.0073
1	0.0093
1	0.0023
1	-0.0025
1	0.0063
1	-0.0059
1	0.0119
1	0.0026
1	-0.0028
1	-0.0032
1	0.0103
1	0.0054
1	0.007
1	-0.0101
1	0.0058
1	0.0025
1	0.0002
1	-0.0026
1	0.0067
1	-0.0035
1	0.0039
1	0.0048
1	0.0127
1	0.0084
1	0.0065
1	0.0131
1	0.0105
1	0.0041
1	0.0131
1	0.0135
1	-0.0013
1	0.0055
1	0.0065
1	-0.0021
1	0.0059
1	0.0078
1	0.0082
1	-0.002
1	0.0062
1	-0.0046
1	0.0028
1	-0.0129
1	0.0067
1	0.0044
1	0.0125
1	0.0127
1	-0.0063
1	0.0079
1	-0.0047
1	0.007
1	0.0089
1	0.0051
1	0.0019
1	0.0132
1	0.0065
1	0.0027
1	-0.0009
1	0.0102
1	0.004
1	-0.0053
1	0.0059
1	0.0051
1	0.0037
1	-0.0092
1	0.007
1	-0.0024
1	0.0106
1	0.0049
1	-0.0146
1	0.0085
1	0.0129
1	-0.0036
1	0.0064
1	0.0067
1	0.003
1	0.0001
1	0.0046
1	0.0099
1	0.0059
1	0.013
1	0.0067
1	-0.0151
1	0.0102
1	-0.0111
1	0.0061
1	0.0099
1	-0.0033
1	0.0004
1	-0.0014
1	0.0005
1	0.0016
1	-0.0067
1	-0.0008
1	0.0068
1	0.0072
1	-0.0036
1	0.0131
1	0.0042
1	0.001
1	0.011
1	0.0057
1	0.0029
1	0.0088
1	-0.0031
1	0.0046
1	-0.0005
1	0.0081
1	0.0086
1	0.0069
1	0
1	0.007
1	0.0064
1	0.008
1	0.0098
1	0.0129
1	-0.0094
1	0.0025
1	0.0095
1	0.0035
1	0.0008
1	0.0041
1	0.0131
1	0.0063
1	0.005
1	0.0024
1	0.0039
1	0.0119
1	0.0106
1	-0.0012
1	0.0123
1	0.0102
1	-0.0013
1	0.0101
1	0.0103
1	0.0048
1	0.0068
1	0.0052
1	0.0081
1	0.0055
1	0.0077
1	0.0063
1	0.0106
1	0.0004
1	0.0131
1	0.0089
1	0.0069
1	0.0128
1	0.0114
1	0.0127
1	-0.0039
1	0.013
1	-0.0094
1	0.0011
1	0.0018
1	0.0036
1	-0.0003
1	-0.0032
1	-0.0085
1	0.0022
1	0.0129
1	0.0069
1	0
1	0.0051
1	-0.0086
1	0.0131
1	0.002
1	0.0034
1	0.0071
1	0.0094
1	0.0005
1	0.0033
1	-0.0045
1	-0.0045
1	0.0065
1	0.001
1	0.002
1	-0.0063
1	0.0103
1	0.0067
1	0.0073
1	-0.0013
1	0.004
1	-0.0083
1	-0.0156
1	0.0058
1	0.009
1	0.0111
1	-0.0118
1	-0.0008
1	0.0098
1	0.0085
1	0.005
1	0.0036
1	0.0049
1	0.0029
1	0.0021
1	-0.0103
1	0.0073
1	0.0029
1	-0.0053
1	0.0077
1	0.0023
1	0.0032
1	0.0053
1	0.0075
1	0.0028
1	0.0073
1	0.0063
1	0.0006
1	0.0023
1	-0.0023
1	-0.0141
1	0.0014
1	-0.0012
1	0.0077
1	0.0057
1	-0.0094
1	-0.0027
1	0.0048
1	-0.0034
1	0.0005
1	0.0053
1	0.0088
1	-0.0007
1	0.0011
1	-0.0045
1	-0.0038
1	-0.0066
1	0.0027
1	-0.0008
1	0.0041
1	0.0059
1	-0.0075
1	0.0022
1	0.0092
1	0.0045
1	0.0088
1	0.0021
1	0.0075
1	0.0008
1	0.007
1	-0.0005
1	0.0089
1	-0.0022
1	0.0027
1	0.0014
1	0.0073
1	0.0006
1	0.003
1	0.0054
1	0.0002
1	0.0049
1	0.0064
1	0.0129
1	0.0053
1	-0.0115
1	0.0093
1	-0.0005
1	0.0125
1	-0.001
1	0.0074
1	0.0054
1	0.004
1	0.0086
1	-0.0079
1	0.0055
1	-0.0043
1	-0.0013
1	-0.0089
1	0.009
1	0.0023
1	0.003
1	0.0043
1	0.0058
1	0.003
1	-0.0012
1	-0.0072
1	0.0104
1	-0.0022
1	0.0064
1	0.0046
1	0.0006
1	0.0112
1	0.0011
1	0.0031
1	0.005
1	-0.0028
1	0.0076
1	-0.0126
1	-0.0006
1	-0.0014
1	0.006
1	0.0089
1	0.0039
1	0.0094
1	-0.005
1	0.0085
1	0.0005
1	0.0026
1	0.0077
1	0.0052
1	0.0042
1	0.0042
1	-0.0102
1	0.0003
1	0.0026
1	-0.0094
1	0.0008
1	0.0047
1	-0.0083
1	0.0076
1	0.0058
1	0.0032
1	-0.0004
1	0.0017
1	0.0033
1	-0.0058
1	0.0004
1	0.0018
1	-0.0039
1	0.007
1	0.0069
1	0.0028
1	0.0033
1	0.0094
1	0.0084
1	0.0054
1	0.0048
1	0.0029
1	0.0094
1	-0.0099
1	0.0049
1	0.0045
1	0.0087
1	0.0007
1	0.0074
1	-0.0022
1	-0.0023
1	-0.0088
1	0.0109
1	0.0075
1	0.0018
1	-0.005
1	-0.0002
1	0.0032
1	0.0061
1	0.0009
1	0.0066
1	0.0069
1	-0.0003
1	-0.0019
1	0.0076
1	-0.0074
1	0.0084
1	-0.0165
1	0.0064
1	0.0114
1	0.0042
1	-0.0072
1	0.0011
1	0.0034
1	-0.0016
1	-0.0055
1	0.0078
1	-0.0045
1	0.0001
1	-0.0005
1	-0.0025
1	0.0038
1	0.0034
1	0.0036
1	0.0034
1	0.0119
1	-0.0014
1	0.0114
1	0.0031
1	0.0051
1	0.0065
1	-0.0029
1	-0.0001
1	-0.0055
1	-0.002
1	0.0007
1	0.0012
1	-0.0004
1	0.0032
1	-0.0068
1	0.0026
1	-0.0035
1	0.0044
1	0.0038
1	0.006
1	0.003
1	0.0002
1	0.0038
1	0.0033
1	-0.0008
1	-0.0029
1	0.0061
1	-0.0069
1	0.007
1	-0.0051
1	0.007
1	-0.0029
1	0.0107
1	-0.0162
1	0.0053
1	0.0053
1	0.0015
1	-0.0016
1	-0.0189
1	0.0038
1	-0.0027
1	0.0026
1	0.0037
1	0.0103
1	0.0086
1	0.0035
1	-0.0059
1	0.0011
1	0.0041
1	0.0043
1	-0.0115
1	-0.0008
1	-0.0034
1	0.01
1	0.0103
1	0.0107
1	0.0025
1	-0.0029
1	0.0094
1	0.0121
1	0.0033
1	0.0044
1	0.003
1	0.0072
1	-0.0012
1	-0.001
1	0.0054
1	0.008
1	0.0049
1	-0.0099
1	0.005
1	0.0084
1	0.0052
1	0.0087
1	-0.0021
1	-0.0077
1	0.0106
1	0.011
1	0.0069
1	0.007
1	0.0025
1	0.0065
1	0.0022
1	0.0093
1	0.0091
1	0.0071
1	0.0034
1	-0.0173
1	-0.0086
1	0.0089
1	-0.0039
1	0.0097
1	0.0003
1	0.0039
1	0.0105
1	0.0056
1	-0.0003
1	0.0062
1	-0.0022
1	-0.0027
1	0.0071
1	0.0079
1	0.0072
1	0.0077
1	0.0041
1	0.0031
1	0.0066
1	0.0103
1	0.0033
1	-0.0062
1	0.0084
1	0.0074
1	0.001
1	0.0082
1	-0.0114
1	0.0028
1	-0.0109
1	-0.0044
1	-0.0049
1	0.0092
1	0.0031
1	0.0068
1	0.0055
1	0.0043
1	0.0036
1	-0.0043
1	0.0077
1	0.0075
1	-0.0169
1	-0.0054
1	0.0115
1	-0.0024
1	0.0067
1	-0.01
1	0.0047
1	0.008
1	0.0072
1	0.0052
1	0.0058
1	0.0045
1	-0.001
1	0.0103
1	-0.0123
1	0.005
1	0.0111
1	0.0021
1	0.0059
1	0.005
1	0.0028
1	0.0022
1	-0.0065
1	0.0098
1	0.0042
1	0.0049
1	0.0107
1	0.0046
1	0.009
1	0.0077
1	0.0018
1	0.012
1	0.0073
1	0.0076
1	0.0096
1	0.0049
1	0.0036
1	-0.0043
1	0.0043
1	0.0076
1	0.004
1	0.0087
1	-0.0076
1	0.0052
1	-0.016
1	0.0072
1	-0.0002
1	0.0014
1	-0.0007
1	0.0058
1	0.0075
1	0.0047
1	0.0019
1	0.0045
1	0.0062
1	0.0119
1	0.009
1	0.0058
1	0.0012
1	0.0064
1	0.0071
1	0.0024
1	0.0084
1	0.009
1	0.0018
1	-0.0029
1	0.0031
1	0.005
1	-0.0143
1	-0.0127
1	-0.0021
1	0.0067
1	0.0069
1	0.0024
1	0.013
1	0.0037
1	0.0068
1	0.0056
1	0.0036
1	0.0033
1	-0.0093
1	0.0053
1	-0.0102
1	0.0033
1	-0.0049
1	0.0002
1	0.0117
1	0.0071
1	0.0007
1	0.0066
1	0.0001
1	0.0091
1	0.0002
1	-0.0056
1	0.0039
1	-0.0012
1	0.0027
1	0.002
1	-0.008
1	0.0075
1	-0.0025
1	0.0073
1	0.009
1	-0.0064
1	0.0048
1	0.0058
1	0.0102
1	-0.0078
1	0.006
1	0.0094
1	0.0064
1	0.0059
1	-0.0016
1	0.0071
1	0.0081
1	-0.0007
1	0.0016
1	-0.0135
1	0.0101
1	-0.0125
1	0.0086
1	0.0044
1	-0.0064
1	0.0049
1	0.0102
1	0.0102
1	0.0102
1	0.006
1	0.0093
1	0.0036
1	0.0044
1	-0.0017
1	0.0037
1	0.0079
1	0.0106
1	0.008
1	0.0069
1	0.0081
1	-0.0062
1	0.004
1	0.0022
1	-0.0158
1	0.009
